92.37
69.75
69.75
82.59
82.59
73.90
93.46
93.46
69.31
69.31
87.45
87.45
78.76
78.76
82.74
82.74
72.29
72.29
84.73
84.73
73.93
88.49
88.49
88.49
70.47
88.61
88.61
71.55
71.55
86.92
86.92
73.28
73.28
86.40
86.40
74.34
74.34
88.16
88.16
70.74
91.95
91.95
91.95
67.01
92.68
92.68
68.81
68.81
91.17
91.17
66.74
66.74
92.63
92.63
70.61
70.61
92.75
92.75
70.40
92.35
92.35
71.76
71.76
90.46
90.46
68.95
68.95
95.15
95.15
68.75
68.75
95.27
95.27
67.56
92.79
92.79
92.79
69.58
83.15
83.15
73.38
73.38
93.96
93.96
67.48
67.48
86.26
86.26
78.05
78.05
81.22
81.22
72.42
72.42
85.66
85.66
72.90
86.36
86.36
86.36
69.89
88.13
88.13
71.86
71.86
87.13
87.13
72.94
72.94
86.91
86.91
74.46
74.46
88.90
88.90
70.90
92.60
92.60
68.91
68.91
90.82
90.82
68.45
68.45
90.88
90.88
67.28
67.28
92.08
92.08
70.20
95.75
95.75
95.75
70.79
88.89
88.89
72.26
72.26
91.17
91.17
68.52
68.52
95.16
95.16
68.12
68.12
95.37
95.37
67.72
93.04
93.04
93.04
70.01
84.20
84.20
74.73
74.73
93.84
93.84
68.86
68.86
87.22
87.22
78.46
78.46
82.70
82.70
73.29
86.19
86.19
73.99
73.99
86.52
86.52
70.03
70.03
87.87
87.87
71.68
71.68
86.90
86.90
72.66
72.66
83.65
83.65
73.22
88.53
88.53
69.97
69.97
92.80
92.80
67.67
67.67
92.99
92.99
69.18
69.18
92.93
92.93
66.92
66.92
92.97
92.97
71.82
95.14
95.14
68.62
68.62
90.83
90.83
71.48
71.48
88.16
88.16
69.11
69.11
94.78
94.78
66.98
93.64
93.64
93.64
66.45
91.47
91.47
91.47
69.25
83.38
83.38
74.19
74.19
92.34
92.34
67.76
67.76
86.26
86.26
77.23
77.23
83.27
83.27
73.13
86.40
86.40
75.15
75.15
86.54
86.54
70.82
70.82
88.56
88.56
73.00
73.00
86.85
86.85
72.63
72.63
85.28
85.28
73.95
87.71
87.71
70.52
70.52
91.25
91.25
68.28
68.28
89.83
89.83
67.57
67.57
89.58
89.58
67.76
67.76
91.54
91.54
70.01
95.43
95.43
95.43
70.43
88.70
88.70
72.71
72.71
90.53
90.53
69.43
69.43
96.80
96.80
68.04
94.25
94.25
94.25
67.33
92.08
92.08
70.68
70.68
84.91
84.91
73.53
73.53
93.32
93.32
67.89
67.89
85.67
85.67
77.36
77.36
82.27
82.27
72.98
86.24
86.24
73.67
73.67
85.99
85.99
70.17
70.17
87.66
87.66
72.49
72.49
87.56
87.56
71.09
71.09
85.17
85.17
72.68
86.63
86.63
86.63
71.32
90.45
90.45
68.22
68.22
92.58
92.58
68.81
68.81
92.59
92.59
66.90
66.90
92.52
92.52
70.83
99.02
99.02
67.93
67.93
90.91
90.91
71.88
71.88
90.96
90.96
69.87
69.87
94.88
94.88
67.19
93.67
93.67
93.67
66.90
92.35
92.35
70.53
70.53
84.80
84.80
74.70
74.70
93.48
93.48
67.98
67.98
85.04
85.04
77.76
77.76
81.77
81.77
72.44
86.12
86.12
73.06
73.06
85.91
85.91
69.01
69.01
87.51
87.51
71.44
71.44
86.71
86.71
70.92
70.92
83.59
83.59
73.09
73.09
87.29
87.29
71.05
89.89
89.89
89.89
67.72
90.84
90.84
67.99
67.99
92.59
92.59
66.63
66.63
97.54
97.54
69.74
69.74
94.69
94.69
70.00
89.41
89.41
71.69
71.69
90.81
90.81
67.52
67.52
95.70
95.70
67.35
67.35
93.45
93.45
66.37
66.37
92.10
92.10
70.69
70.69
83.59
83.59
73.49
91.91
91.91
66.68
66.68
84.88
84.88
77.87
77.87
82.66
82.66
72.41
72.41
84.81
84.81
72.20
72.20
83.49
83.49
68.77
68.77
87.61
87.61
71.80
83.86
83.86
83.86
71.99
84.00
84.00
72.58
72.58
88.77
88.77
70.54
70.54
88.62
88.62
68.08
68.08
90.12
90.12
69.10
69.10
89.54
89.54
67.67
91.95
91.95
91.95
70.22
93.25
93.25
69.14
69.14
89.12
89.12
72.12
72.12
92.65
92.65
68.28
96.90
96.90
96.90
67.57
93.38
93.38
93.38
66.62
92.52
92.52
70.27
70.27
83.89
83.89
73.41
73.41
92.84
92.84
66.75
66.75
87.22
87.22
77.92
83.72
83.72
74.14
74.14
85.29
85.29
73.32
73.32
84.36
84.36
71.06
71.06
88.13
88.13
72.20
72.20
87.22
87.22
72.47
84.61
84.61
84.61
73.15
87.90
87.90
71.27
71.27
91.39
91.39
67.73
67.73
91.81
91.81
67.83
67.83
93.28
93.28
67.56
91.75
91.75
91.75
71.17
94.18
94.18
69.68
69.68
89.81
89.81
73.36
73.36
92.55
92.55
69.47
92.73
92.73
92.73
66.97
93.61
93.61
93.61
66.70
93.59
93.59
71.12
71.12
83.67
83.67
73.19
73.19
91.47
91.47
66.13
66.13
85.29
85.29
78.35
84.25
84.25
73.09
73.09
86.11
86.11
72.21
72.21
84.83
84.83
70.14
70.14
88.69
88.69
72.23
72.23
86.38
86.38
72.30
72.30
83.54
83.54
74.15
86.47
86.47
71.68
71.68
91.09
91.09
65.98
65.98
91.27
91.27
68.02
68.02
92.03
92.03
66.12
66.12
91.29
91.29
70.19
93.44
93.44
93.44
68.88
88.32
88.32
72.43
72.43
89.74
89.74
68.84
68.84
93.23
93.23
66.78
66.78
92.87
92.87
66.72
66.72
91.19
91.19
70.38
70.38
82.94
82.94
72.84
90.53
90.53
90.53
66.60
85.76
85.76
77.80
77.80
82.51
82.51
71.76
71.76
84.57
84.57
71.08
71.08
84.81
84.81
69.65
69.65
89.22
89.22
71.55
84.59
84.59
84.59
70.71
83.61
83.61
73.40
73.40
87.11
87.11
71.18
71.18
90.40
90.40
66.11
66.11
90.77
90.77
68.39
68.39
90.82
90.82
67.81
67.81
93.53
93.53
70.67
93.48
93.48
68.49
68.49
89.67
89.67
72.44
72.44
89.81
89.81
68.88
68.88
94.74
94.74
67.24
94.85
94.85
94.85
67.68
93.52
93.52
70.33
70.33
83.26
83.26
72.66
72.66
90.54
90.54
66.70
66.70
86.16
86.16
77.70
77.70
81.56
81.56
71.97
71.97
83.80
83.80
72.05
85.23
85.23
69.60
69.60
88.97
88.97
71.12
71.12
86.23
86.23
72.25
72.25
85.48
85.48
74.05
74.05
87.33
87.33
71.54
89.70
89.70
89.70
66.78
92.16
92.16
68.42
68.42
94.86
94.86
68.61
68.61
91.38
91.38
69.49
69.49
94.69
94.69
68.24
91.37
91.37
73.67
73.67
90.56
90.56
68.30
68.30
93.94
93.94
66.94
66.94
94.25
94.25
67.82
67.82
93.63
93.63
70.60
83.55
83.55
83.55
72.97
91.86
91.86
67.52
67.52
86.83
86.83
79.47
79.47
81.73
81.73
71.73
71.73
82.52
82.52
72.17
72.17
86.93
86.93
70.30
87.50
87.50
70.98
70.98
85.27
85.27
72.17
72.17
85.44
85.44
73.13
73.13
87.54
87.54
70.59
70.59
88.81
88.81
66.94
66.94
90.83
90.83
68.46
91.26
91.26
91.26
67.13
92.58
92.58
70.40
70.40
92.62
92.62
68.52
68.52
90.83
90.83
73.70
91.47
91.47
91.47
67.57
94.13
94.13
94.13
67.98
95.70
95.70
67.42
67.42
92.84
92.84
69.95
69.95
82.30
82.30
71.90
71.90
92.11
92.11
67.55
67.55
86.34
78.37
78.37
81.82
81.82
71.72
71.72
83.85
83.85
73.32
73.32
85.83
85.83
70.32
70.32
88.41
88.41
71.20
71.20
85.60
85.60
71.61
71.61
83.95
83.95
74.29
87.06
87.06
70.08
70.08
89.11
89.11
66.70
66.70
90.93
90.93
67.34
67.34
92.19
92.19
67.35
67.35
90.18
90.18
71.08
92.96
92.96
92.96
68.39
89.13
89.13
73.51
73.51
89.93
89.93
67.62
67.62
94.09
94.09
67.77
67.77
95.52
95.52
68.33
94.03
94.03
94.03
70.56
83.15
83.15
72.59
72.59
91.00
91.00
68.26
68.26
86.37
86.37
77.28
77.28
81.47
81.47
71.25
71.25
84.58
84.58
73.39
85.61
85.61
85.61
71.65
86.14
86.14
71.46
71.46
85.85
85.85
72.64
72.64
85.57
85.57
75.34
75.34
87.29
87.29
71.13
91.59
91.59
91.59
67.95
90.74
90.74
68.85
68.85
91.64
91.64
68.47
68.47
89.78
89.78
71.72
71.72
93.52
93.52
70.41
89.92
89.92
72.79
72.79
90.00
90.00
67.63
67.63
93.49
93.49
68.41
68.41
94.76
94.76
67.22
67.22
91.78
91.78
69.76
69.76
82.90
82.90
73.27
94.08
94.08
67.68
67.68
86.55
86.55
77.68
77.68
81.07
81.07
71.27
71.27
83.55
83.55
72.79
72.79
86.47
86.47
71.18
86.39
86.39
86.39
71.75
85.75
85.75
72.85
72.85
85.92
85.92
75.56
75.56
86.71
86.71
70.93
70.93
90.44
90.44
67.29
91.65
91.65
91.65
68.56
93.90
93.90
93.90
66.05
94.35
94.35
70.19
70.19
96.07
96.07
71.11
71.11
92.14
92.14
71.18
89.93
89.93
89.93
68.62
94.27
94.27
68.49
68.49
95.31
95.31
68.27
68.27
93.35
93.35
70.31
70.31
84.01
84.01
74.57
94.39
94.39
68.81
68.81
88.12
88.12
78.57
78.57
81.82
81.82
72.73
72.73
84.79
84.79
73.41
86.81
86.81
86.81
70.41
88.53
88.53
71.99
71.99
86.34
86.34
71.84
71.84
86.32
86.32
72.14
72.14
87.86
