55.95
132.65
132.65
132.65
56.22
131.42
131.42
131.42
58.41
107.94
107.94
107.94
63.09
114.64
114.64
62.34
62.34
111.33
111.33
59.26
122.86
122.86
122.86
60.61
114.00
114.00
114.00
61.49
115.48
115.48
60.51
60.51
112.09
112.09
60.06
118.41
118.41
118.41
59.97
116.20
116.20
116.20
61.17
112.25
112.25
60.38
60.38
121.75
121.75
59.43
120.82
120.82
120.82
59.87
121.17
121.17
121.17
58.37
122.14
122.14
122.14
58.03
129.66
129.66
56.79
56.79
132.99
132.99
447.76
955.41
955.41
955.41
54.58
140.77
140.77
140.77
55.41
135.20
135.20
135.20
55.88
129.57
129.57
58.22
58.22
108.99
108.99
62.71
118.32
118.32
118.32
61.73
110.11
110.11
110.11
59.49
122.58
122.58
61.32
61.32
112.18
112.18
61.81
115.91
115.91
115.91
60.10
115.12
115.12
115.12
59.73
114.40
114.40
61.24
61.24
115.30
115.30
59.36
59.36
112.74
112.74
60.30
123.16
123.16
123.16
59.73
116.63
116.63
116.63
59.82
120.21
120.21
57.99
57.99
123.25
123.25
57.89
128.64
128.64
128.64
57.10
132.97
132.97
132.97
438.47
972.13
972.13
972.13
54.88
140.55
140.55
55.51
136.56
136.56
136.56
55.66
129.53
129.53
129.53
57.91
108.37
108.37
108.37
62.34
118.07
118.07
61.53
61.53
110.20
110.20
59.32
59.32
120.57
120.57
61.46
111.30
111.30
111.30
61.95
112.94
112.94
112.94
60.06
113.98
113.98
61.29
61.29
115.78
115.78
60.18
115.85
115.85
115.85
60.03
113.16
113.16
113.16
60.64
119.41
119.41
119.41
59.58
123.20
123.20
59.09
59.09
120.51
120.51
58.56
122.16
122.16
122.16
58.56
127.15
127.15
127.15
56.72
132.87
132.87
58.12
225.63
986.84
986.84
54.81
140.81
140.81
140.81
55.81
134.35
134.35
134.35
55.70
127.27
127.27
127.27
57.82
108.88
108.88
62.36
62.36
117.11
117.11
61.46
110.86
110.86
110.86
59.85
121.57
121.57
121.57
62.41
112.81
112.81
60.51
60.51
116.53
116.53
59.10
59.10
115.42
115.42
60.50
118.12
118.12
118.12
60.09
114.85
114.85
114.85
60.74
114.38
114.38
60.26
60.26
118.54
118.54
60.41
118.25
118.25
118.25
59.24
120.54
120.54
120.54
58.62
124.15
124.15
58.38
58.38
127.59
127.59
56.55
131.61
131.61
131.61
442.22
964.01
964.01
964.01
54.75
141.31
141.31
141.31
55.52
135.38
135.38
135.38
55.32
129.38
129.38
57.77
57.77
108.62
108.62
62.42
116.74
116.74
116.74
61.72
110.86
110.86
110.86
59.82
124.16
124.16
60.88
60.88
114.57
114.57
60.76
113.42
113.42
113.42
60.21
115.00
115.00
115.00
60.05
117.04
117.04
60.19
60.19
113.79
113.79
60.11
60.11
113.52
113.52
60.58
122.95
122.95
122.95
59.00
118.06
118.06
118.06
59.32
120.19
120.19
59.23
59.23
123.49
123.49
58.35
128.42
128.42
128.42
56.34
131.91
131.91
131.91
437.70
1024.59
1024.59
1024.59
55.00
142.06
142.06
55.49
135.24
135.24
135.24
53.60
127.15
127.15
127.15
57.78
108.35
108.35
108.35
62.04
115.14
115.14
115.14
61.86
110.95
110.95
60.06
60.06
123.37
123.37
61.34
112.83
112.83
112.83
61.24
113.34
113.34
113.34
60.58
112.64
112.64
60.38
60.38
117.51
117.51
60.69
60.69
113.96
113.96
60.32
114.43
114.43
114.43
61.03
117.39
117.39
117.39
59.89
118.92
118.92
59.25
59.25
120.80
120.80
59.17
124.80
124.80
124.80
58.09
126.90
126.90
126.90
56.23
131.06
131.06
58.71
227.34
1019.02
1019.02
55.17
142.63
142.63
142.63
55.15
133.70
133.70
133.70
54.39
127.55
127.55
127.55
58.83
109.04
109.04
109.04
61.09
116.08
116.08
61.53
61.53
112.33
112.33
60.94
123.12
123.12
123.12
60.88
110.77
110.77
110.77
61.17
113.87
113.87
60.13
60.13
115.01
115.01
60.34
117.36
117.36
117.36
60.33
112.81
112.81
112.81
60.80
114.33
114.33
60.68
60.68
118.34
118.34
59.30
59.30
119.38
119.38
59.23
121.53
121.53
121.53
59.77
122.88
122.88
122.88
58.00
126.65
126.65
55.86
55.86
131.88
131.88
446.30
982.32
982.32
982.32
55.25
141.82
141.82
141.82
54.98
130.51
130.51
130.51
55.14
129.10
129.10
58.54
58.54
109.69
109.69
61.31
61.31
116.02
116.02
61.94
109.76
109.76
109.76
60.16
122.06
122.06
61.95
61.95
110.53
110.53
60.81
60.81
115.71
115.71
59.79
113.48
113.48
113.48
60.93
115.32
115.32
115.32
60.71
112.02
112.02
60.64
60.64
116.39
116.39
61.11
119.23
119.23
119.23
59.77
120.34
120.34
120.34
59.68
124.12
124.12
58.90
58.90
123.35
123.35
58.15
126.63
126.63
126.63
55.79
134.13
134.13
134.13
441.31
1038.06
1038.06
1038.06
55.17
140.50
140.50
54.99
54.99
133.17
133.17
56.12
132.36
132.36
132.36
58.05
109.28
109.28
109.28
61.43
114.57
114.57
114.57
61.24
113.33
113.33
59.35
59.35
124.39
124.39
60.50
110.79
110.79
110.79
61.13
112.62
112.62
112.62
60.69
114.12
114.12
60.79
60.79
114.52
114.52
60.45
60.45
115.21
115.21
59.26
116.95
116.95
116.95
60.30
119.47
119.47
119.47
59.02
118.18
118.18
59.70
59.70
122.51
122.51
58.83
125.36
125.36
125.36
57.63
125.13
125.13
125.13
55.92
132.44
132.44
132.44
448.43
993.38
993.38
54.96
139.94
139.94
139.94
54.58
135.37
135.37
135.37
55.45
131.36
131.36
131.36
58.54
108.41
108.41
108.41
61.41
114.97
114.97
61.57
61.57
112.40
112.40
59.93
122.66
122.66
122.66
60.74
111.41
111.41
111.41
60.94
114.29
114.29
60.48
60.48
113.87
113.87
59.62
59.62
116.84
116.84
60.27
114.32
114.32
114.32
61.07
116.17
116.17
116.17
59.27
121.16
121.16
59.03
59.03
119.35
119.35
59.98
123.92
123.92
123.92
58.47
124.46
124.46
124.46
57.63
125.53
125.53
125.53
56.45
133.87
133.87
59.61
991.41
991.41
991.41
55.07
140.52
140.52
140.52
54.89
133.67
133.67
133.67
56.47
129.46
129.46
58.61
58.61
107.47
107.47
61.29
117.30
117.30
117.30
61.73
111.82
111.82
111.82
60.25
121.76
121.76
61.19
61.19
110.53
110.53
61.31
61.31
113.83
113.83
59.96
115.14
115.14
115.14
59.02
116.81
116.81
116.81
59.79
114.41
114.41
61.55
61.55
116.21
116.21
59.16
59.16
119.53
119.53
58.87
121.59
121.59
121.59
60.04
121.20
121.20
121.20
59.11
122.05
122.05
57.70
57.70
126.91
126.91
56.77
134.47
134.47
134.47
441.44
975.93
975.93
975.93
54.95
138.67
138.67
138.67
54.67
137.07
137.07
55.90
131.98
131.98
131.98
58.19
108.31
108.31
108.31
61.92
115.84
115.84
115.84
62.90
112.75
112.75
59.26
59.26
121.58
121.58
60.94
112.92
112.92
112.92
61.02
113.59
113.59
113.59
60.16
114.41
114.41
60.13
60.13
115.19
115.19
60.44
60.44
116.48
116.48
60.46
112.82
112.82
112.82
59.80
119.01
119.01
119.01
58.98
119.20
119.20
59.94
59.94
122.13
122.13
58.51
122.56
122.56
122.56
57.42
127.96
127.96
127.96
56.51
135.76
135.76
135.76
447.76
994.69
994.69
54.47
54.47
137.73
137.73
55.45
136.49
136.49
136.49
56.31
131.73
131.73
131.73
57.98
108.13
108.13
108.13
62.15
115.80
115.80
62.22
62.22
112.74
112.74
59.21
123.03
123.03
123.03
60.82
111.82
111.82
111.82
61.30
114.63
114.63
60.35
60.35
114.96
114.96
59.31
115.96
115.96
115.96
60.18
114.69
114.69
114.69
61.92
110.38
110.38
110.38
60.47
118.89
118.89
59.38
59.38
120.58
120.58
60.08
122.29
122.29
122.29
58.51
122.59
122.59
122.59
57.61
128.38
128.38
57.32
57.32
131.64
131.64
443.26
975.29
975.29
975.29
54.21
140.67
140.67
140.67
55.42
134.83
134.83
134.83
56.66
129.67
129.67
58.05
58.05
107.23
107.23
62.06
116.92
116.92
116.92
61.92
112.40
112.40
112.40
59.44
120.96
120.96
60.97
60.97
112.05
112.05
61.31
116.87
116.87
116.87
59.61
113.10
113.10
113.10
60.43
113.99
113.99
113.99
60.41
113.55
113.55
61.93
61.93
109.38
109.38
60.33
121.49
121.49
121.49
58.76
122.42
122.42
122.42
59.76
120.12
120.12
120.12
58.68
122.37
122.37
57.78
128.50
128.50
128.50
57.27
133.27
133.27
133.27
444.05
981.03
981.03
981.03
54.26
142.03
142.03
55.82
55.82
134.17
134.17
56.43
130.87
130.87
130.87
57.24
107.94
107.94
107.94
61.67
115.87
115.87
62.44
62.44
112.08
112.08
59.49
59.49
120.21
120.21
61.89
112.25
112.25
112.25
61.15
114.41
114.41
114.41
59.89
112.61
112.61
59.72
59.72
116.76
116.76
62.14
114.74
114.74
114.74
60.02
111.59
111.59
111.59
60.20
119.02
119.02
119.02
59.77
120.70
120.70
59.96
59.96
119.70
119.70
58.68
122.48
122.48
122.48
58.07
129.53
129.53
129.53
56.90
134.44
134.44
58.92
220.17
960.92
960.92
54.61
139.63
139.63
139.63
56.03
135.28
135.28
135.28
56.15
129.77
129.77
129.77
57.16
107.66
107.66
61.72
61.72
117.30
117.30
61.89
110.51
110.51
110.51
59.48
121.86
121.86
121.86
60.90
111.82
111.82
61.72
61.72
113.47
113.47
60.05
60.05
115.35
115.35
59.61
117.22
117.22
117.22
59.89
116.06
116.06
116.06
60.04
113.26
113.26
60.05
60.05
123.08
123.08
58.90
120.40
120.40
120.40
59.11
120.87
120.87
120.87
58.29
122.23
122.23
122.23
58.41
129.08
129.08
56.58
56.58
133.48
133.48
439.75
962.16
962.16
962.16
54.85
142.71
142.71
142.71
55.64
136.59
136.59
136.59
55.86
128.41
128.41
57.42
57.42
107.74
107.74
62.38
117.58
117.58
117.58
61.30
110.18
110.18
110.18
59.05
123.19
123.19
60.89
60.89
112.01
112.01
61.69
61.69
113.89
113.89
60.50
111.95
111.95
111.95
59.65
116.94
116.94
116.94
61.58
113.77
113.77
58.58
58.58
116.71
116.71
60.05
60.05
118.22
118.22
60.20
121.26
121.26
121.26
58.79
121.24
121.24
121.24
58.23
123.21
123.21
58.36
58.36
129.09
129.09
56.65
133.12
133.12
133.12
435.29
983.61
983.61
983.61
55.24
143.12
143.12
143.12
55.17
133.14
133.14
55.48
55.48
125.68
125.68
57.67
57.67
108.50
108.50
61.83
116.64
116.64
116.64
61.82
109.78
109.78
109.78
59.59
120.96
120.96
62.22
62.22
111.58
111.58
61.28
111.50
111.50
111.50
60.81
111.35
111.35
111.35
60.14
116.93
116.93
60.36
60.36
113.46
113.46
60.46
60.46
115.05
115.05
60.31
118.92
118.92
118.92
59.71
122.01
122.01
122.01
58.85
121.10
121.10
58.64
58.64
124.66
124.66
57.83
130.99
130.99
130.99
56.31
131.22
131.22
131.22
442.35
954.20
954.20
954.20
55.21
141.39
141.39
55.37
134.65
134.65
134.65
54.37
126.68
126.68
126.68
57.94
108.15
108.15
108.15
61.67
116.74
116.74
116.74
61.34
108.40
108.40
59.18
59.18
120.68
120.68
61.02
113.10
113.10
113.10
61.14
113.22
113.22
113.22
60.37
115.63
115.63
115.63
59.32
116.76
116.76
60.49
60.49
114.79
114.79
59.93
112.76
112.76
112.76
60.47
120.14
120.14
120.14
60.22
117.81
117.81
59.38
59.38
120.45
120.45
59.07
122.86
122.86
122.86
58.25
129.58
129.58
129.58
56.26
130.88
130.88
130.88
438.34
1000.00
1000.00
55.51
55.51
140.04
140.04
55.62
135.20
135.20
135.20
53.32
128.40
128.40
128.40
57.47
107.77
107.77
107.77
61.61
115.30
115.30
61.60
61.60
111.31
111.31
59.68
59.68
122.47
122.47
61.71
111.67
111.67
111.67
61.33
113.11
113.11
113.11
61.18
112.17
112.17
60.03
60.03
115.38
115.38
61.22
61.22
109.94
109.94
61.07
113.48
113.48
113.48
60.74
116.38
116.38
116.38
59.90
118.81
118.81
59.20
59.20
121.30
121.30
58.90
125.47
125.47
125.47
58.08
126.46
126.46
126.46
56.25
131.34
131.34
58.77
230.49
998.67
998.67
55.02
142.01
142.01
142.01
55.58
132.32
132.32
132.32
53.93
125.82
125.82
125.82
58.07
109.70
109.70
109.70
61.41
114.99
114.99
61.41
61.41
112.23
112.23
60.04
120.64
120.64
120.64
61.49
111.29
111.29
111.29
61.61
112.31
112.31
59.96
59.96
112.45
112.45
60.13
60.13
116.59
116.59
60.62
113.55
113.55
113.55
60.29
114.75
114.75
114.75
60.72
118.94
118.94
59.06
59.06
118.87
118.87
59.16
121.93
121.93
121.93
59.54
122.93
122.93
122.93
58.10
127.12
127.12
127.12
56.18
132.05
132.05
59.50
994.04
994.04
994.04
55.05
140.92
140.92
140.92
55.36
128.62
128.62
128.62
54.38
129.12
129.12
129.12
58.39
108.94
108.94
61.44
61.44
115.46
115.46
61.35
113.58
113.58
113.58
58.97
124.41
124.41
124.41
61.43
110.44
110.44
60.92
60.92
115.27
115.27
60.09
60.09
112.44
112.44
60.44
115.86
115.86
115.86
60.13
113.05
113.05
113.05
61.01
116.58
116.58
60.12
60.12
119.28
119.28
59.09
119.16
119.16
119.16
59.45
122.22
122.22
122.22
59.79
122.26
122.26
122.26
57.91
126.48
126.48
55.95
55.95
134.02
134.02
442.35
1009.42
1009.42
1009.42
55.27
141.07
141.07
141.07
55.01
131.93
131.93
131.93
55.35
129.17
129.17
58.66
58.66
108.37
108.37
61.49
114.71
114.71
114.71
61.53
111.15
111.15
111.15
60.41
124.13
124.13
60.88
60.88
111.32
111.32
61.22
114.09
114.09
114.09
60.30
113.58
113.58
113.58
60.12
115.42
115.42
115.42
59.75
113.63
113.63
62.03
62.03
114.87
114.87
59.45
120.55
120.55
120.55
58.62
119.44
119.44
119.44
59.98
122.80
122.80
58.90
58.90
124.88
124.88
57.50
125.16
125.16
125.16
56.11
132.54
132.54
132.54
443.92
1004.69
1004.69
1004.69
55.25
140.90
140.90
54.63
54.63
134.76
134.76
55.84
131.03
131.03
131.03
58.19
108.14
108.14
108.14
61.50
114.45
114.45
114.45
61.53
111.08
111.08
60.53
60.53
120.72
120.72
60.82
110.91
110.91
110.91
61.36
112.87
112.87
112.87
60.36
115.06
115.06
115.06
59.44
115.21
115.21
60.40
60.40
114.13
114.13
61.02
116.93
116.93
116.93
59.24
120.32
120.32
120.32
58.90
120.06
120.06
59.73
59.73
123.13
123.13
59.08
123.55
123.55
123.55
57.47
125.52
125.52
125.52
56.36
134.58
134.58
59.50
230.77
965.87
965.87
54.99
139.52
139.52
139.52
54.64
132.47
132.47
132.47
56.36
130.76
130.76
130.76
58.47
108.40
108.40
108.40
60.93
115.53
115.53
61.37
61.37
111.11
111.11
60.25
121.17
121.17
121.17
60.46
111.19
111.19
111.19
61.80
113.77
113.77
60.47
60.47
112.88
112.88
60.01
60.01
115.81
115.81
60.36
115.84
115.84
115.84
61.54
112.02
112.02
112.02
60.30
118.53
118.53
58.96
58.96
120.64
120.64
60.59
121.36
121.36
121.36
58.70
123.17
123.17
123.17
57.65
126.75
126.75
126.75
56.81
134.75
134.75
440.66
984.90
984.90
984.90
55.03
139.16
139.16
139.16
55.09
134.17
134.17
134.17
56.77
130.87
130.87
58.40
58.40
108.59
108.59
61.86
115.55
115.55
115.55
62.26
110.22
110.22
110.22
59.67
122.32
122.32
60.80
60.80
112.17
112.17
61.34
112.88
112.88
112.88
60.38
114.09
114.09
114.09
60.20
115.11
115.11
115.11
60.39
115.76
115.76
61.48
61.48
113.73
113.73
59.57
119.24
119.24
119.24
59.19
118.90
118.90
118.90
60.24
123.18
123.18
58.51
58.51
122.96
122.96
57.55
127.65
127.65
127.65
56.62
134.11
134.11
134.11
435.79
1013.51
1013.51
1013.51
54.66
137.85
137.85
55.53
55.53
136.79
136.79
56.57
130.54
130.54
130.54
58.24
108.38
108.38
108.38
61.77
115.65
115.65
62.19
62.19
110.83
110.83
59.41
59.41
121.52
121.52
60.19
113.50
113.50
113.50
61.13
114.78
114.78
114.78
60.17
114.84
114.84
59.23
59.23
116.14
116.14
61.12
114.72
114.72
114.72
60.22
112.93
112.93
112.93
59.88
118.33
118.33
118.33
59.68
120.41
120.41
59.78
59.78
121.20
121.20
58.57
122.08
122.08
122.08
57.63
128.00
128.00
128.00
56.91
134.82
134.82
59.14
226.76
966.49
966.49
54.33
139.98
139.98
139.98
55.13
134.58
134.58
134.58
56.54
130.46
130.46
130.46
57.70
106.44
106.44
62.00
62.00
116.21
116.21
62.21
112.12
112.12
112.12
59.01
122.60
122.60
122.60
60.43
112.22
112.22
112.22
61.68
113.52
113.52
60.07
60.07
114.17
114.17
59.03
122.49
122.49
122.49
59.62
111.95
111.95
111.95
61.92
112.21
112.21
112.21
59.53
119.40
119.40
59.70
59.70
120.91
120.91
60.08
120.04
120.04
120.04
58.59
122.72
122.72
122.72
57.84
129.29
129.29
56.77
56.77
134.40
134.40
437.83
977.84
977.84
977.84
54.31
141.00
141.00
141.00
55.49
135.40
135.40
135.40
56.41
130.70
130.70
56.54
56.54
106.57
106.57
61.34
61.34
115.00
115.00
62.06
110.22
110.22
110.22
59.44
121.46
121.46
61.29
61.29
112.41
112.41
61.19
61.19
114.18
114.18
59.75
113.52
113.52
113.52
60.33
113.86
113.86
113.86
60.40
114.98
114.98
61.45
61.45
112.21
112.21
60.05
60.05
121.80
121.80
59.91
118.83
118.83
118.83
59.59
120.28
120.28
120.28
58.50
122.54
122.54
58.49
58.49
128.69
128.69
57.25
132.61
132.61
132.61
447.49
946.97
946.97
946.97
54.62
141.40
141.40
141.40
56.04
135.09
135.09
56.08
129.14
129.14
129.14
56.59
56.59
106.69
106.69
62.51
115.27
115.27
115.27
61.95
110.13
110.13
110.13
59.28
121.90
121.90
60.96
60.96
112.87
112.87
61.66
113.05
113.05
113.05
59.97
112.23
112.23
112.23
60.35
114.94
114.94
60.75
60.75
114.70
114.70
60.91
113.18
113.18
113.18
60.12
120.09
120.09
