391.03
405.90
543.38
555.86
392.16
378.79
585.82
562.64
560.33
401.23
531.44
549.25
550.86
394.63
399.79
545.55
503.86
428.76
413.11
586.40
518.94
534.38
423.19
411.64
580.27
564.33
563.70
406.17
550.96
553.61
547.65
379.31
401.82
554.73
571.32
406.78
397.19
559.81
554.73
583.32
397.46
393.24
497.18
582.07
409.50
413.74
519.03
527.33
543.28
411.30
391.59
560.33
559.81
407.94
390.73
545.55
570.67
595.83
408.00
391.59
565.50
543.87
390.47
386.15
558.04
573.07
537.06
393.80
499.83
582.75
583.32
410.40
423.55
542.89
543.97
562.54
382.70
404.48
559.81
541.71
397.19
393.55
557.00
588.35
558.66
399.47
408.61
525.39
548.65
390.78
397.77
574.82
532.86
396.35
436.24
588.93
576.70
511.33
421.59
422.89
536.00
566.68
561.48
407.66
554.22
532.86
554.22
388.85
389.11
581.51
550.96
393.80
403.82
535.52
538.12
567.21
393.80
570.13
530.32
506.67
435.48
414.42
584.45
514.67
543.87
428.45
405.35
563.70
571.86
407.72
396.35
533.43
549.85
572.52
394.11
585.14
539.18
579.71
418.12
386.15
543.38
580.83
395.52
391.34
539.67
511.33
585.82
408.00
405.02
509.94
541.22
535.52
399.15
556.48
578.48
556.90
396.93
386.15
548.75
567.75
391.90
392.98
537.06
578.48
533.43
381.39
551.47
570.78
564.33
384.57
398.35
511.33
579.04
405.02
405.90
437.57
542.89
531.35
398.62
388.05
573.61
547.05
389.41
385.90
566.04
566.04
582.64
399.79
395.26
574.27
533.43
382.75
401.28
569.48
561.48
541.81
400.37
509.94
579.15
574.27
412.88
437.96
540.74
533.52
569.04
394.63
405.02
543.87
535.52
393.29
402.14
571.32
579.04
539.67
403.88
420.11
539.08
540.15
403.61
388.60
560.43
547.65
511.33
434.53
402.41
568.40
525.85
433.15
420.11
525.30
570.23
577.92
403.01
394.94
531.44
553.71
393.03
383.00
570.67
559.70
579.71
413.79
531.91
552.59
568.94
383.48
391.59
548.25
510.90
432.15
404.42
418.47
528.91
532.48
416.26
395.00
574.27
570.13
544.96
394.17
529.85
570.78
570.13
380.86
389.96
554.73
577.92
410.73
384.02
556.38
555.86
564.97
392.16
548.75
504.80
567.86
402.09
416.96
525.39
527.33
522.47
404.42
579.04
561.48
531.91
389.96
406.23
570.78
558.66
377.03
397.51
558.66
579.15
529.94
379.84
552.59
560.33
567.86
399.79
402.96
505.31
576.15
583.32
415.63
427.53
526.87
524.38
408.94
397.19
558.14
530.41
394.68
400.96
565.50
563.80
576.15
396.04
390.83
564.87
541.81
393.86
394.37
554.32
569.04
545.55
397.19
496.28
571.97
587.66
415.97
425.53
523.93
528.45
571.32
388.30
555.97
535.05
541.81
400.05
396.98
551.37
581.51
406.56
403.01
581.51
526.41
554.84
394.94
553.10
571.32
547.15
396.93
424.57
572.52
585.14
527.89
430.17
519.03
541.81
575.48
386.70
392.72
538.60
543.97
400.37
387.50
546.65
588.24
557.00
398.09
399.52
529.85
553.71
390.78
389.16
570.13
544.46
391.90
425.53
577.92
586.40
520.47
424.93
412.54
532.48
570.23
384.32
390.27
553.20
543.38
553.71
389.66
546.65
588.93
557.00
398.67
401.50
530.41
554.22
391.59
388.90
574.27
546.55
392.46
427.53
412.94
582.75
518.49
423.61
412.54
536.58
570.23
548.75
397.19
404.75
538.12
551.57
387.00
389.96
581.51
555.86
396.09
404.80
528.36
550.46
547.05
395.83
573.18
528.45
500.75
430.85
415.34
585.25
518.58
524.93
414.71
406.23
569.58
554.73
399.84
403.55
536.10
553.20
388.85
387.30
579.71
552.08
571.32
414.71
388.05
543.48
571.32
394.37
391.59
532.01
501.67
587.08
412.54
411.07
511.86
528.82
423.31
404.48
557.52
556.48
404.42
400.64
533.43
550.36
553.61
390.83
401.55
550.96
559.81
411.97
390.02
546.55
557.62
394.68
387.00
535.52
507.19
582.64
411.07
409.56
511.33
537.63
424.57
399.20
551.47
567.21
548.75
398.41
391.64
554.22
573.72
395.57
399.79
535.05
580.38
538.12
386.15
540.25
577.92
563.80
389.46
396.41
511.33
585.25
576.81
408.61
510.46
536.10
532.01
397.19
388.10
570.13
546.55
392.77
386.20
549.25
570.13
582.86
390.22
535.52
576.70
536.00
384.62
398.67
574.38
563.17
389.46
399.25
512.30
586.40
573.72
408.05
423.25
534.57
528.91
402.14
389.46
572.52
543.48
524.93
387.30
551.98
567.86
577.26
388.90
396.67
582.75
541.32
387.80
395.83
572.52
557.62
543.38
402.41
511.33
579.04
567.32
405.08
434.22
538.70
516.17
567.21
396.67
400.69
538.70
528.36
389.96
400.69
567.32
574.38
387.00
399.79
580.27
532.48
548.75
399.84
564.87
560.33
546.05
407.11
434.22
577.92
566.14
528.36
434.22
417.25
524.93
568.40
398.94
398.09
537.63
531.44
391.39
400.69
567.86
567.21
547.75
398.35
412.60
531.44
559.81
402.41
385.11
562.11
549.25
401.55
431.16
407.17
577.81
528.91
431.84
416.61
520.92
576.15
564.97
392.21
530.41
542.89
573.72
404.48
380.61
566.79
550.86
580.27
413.79
532.48
548.75
567.86
385.95
396.41
553.71
513.26
429.86
404.48
577.92
528.91
533.52
413.22
402.14
579.71
558.66
391.08
390.57
538.12
564.97
564.87
387.30
397.83
547.25
567.86
406.23
395.52
560.43
563.91
382.70
396.14
551.37
500.75
574.27
407.44
420.76
528.91
521.92
408.05
412.26
577.26
558.14
531.91
396.35
400.69
569.04
550.96
378.84
396.41
557.00
578.48
531.54
382.46
555.35
568.94
552.08
397.51
399.52
502.60
572.52
407.17
419.11
430.17
522.47
527.43
410.73
388.35
555.35
536.58
392.16
395.26
558.76
558.24
576.70
401.82
553.71
573.72
529.38
388.35
395.52
554.84
574.27
396.41
397.30
496.28
577.26
586.51
417.89
425.53
523.47
528.91
413.51
390.27
550.96
542.89
544.46
400.11
553.71
547.75
574.38
402.41
399.79
573.83
523.93
387.60
395.52
555.97
585.82
545.55
393.03
501.67
582.75
587.77
415.34
425.89
523.38
542.40
566.79
386.20
392.46
548.75
538.12
396.98
394.43
553.71
572.52
392.21
389.21
573.18
546.15
550.96
391.64
552.69
573.83
537.06
393.34
430.17
586.51
585.25
516.62
423.91
413.56
536.58
563.91
381.39
401.88
547.75
537.06
389.76
386.75
547.25
585.82
550.86
387.55
408.00
537.63
545.55
389.96
399.25
572.52
539.76
392.21
431.16
588.35
586.40
514.23
416.61
424.57
533.52
555.86
380.90
403.28
545.06
535.62
554.73
387.30
549.35
581.62
554.22
396.14
409.89
527.89
542.40
391.90
393.60
571.32
531.44
395.57
433.84
413.85
581.62
514.23
422.95
423.31
535.05
551.57
562.22
403.61
399.84
532.48
553.10
390.02
385.41
577.37
549.35
393.29
414.42
539.76
547.75
566.14
392.77
392.52
529.94
507.27
433.84
412.60
577.37
506.76
535.62
422.30
405.41
557.00
564.44
402.41
396.98
530.04
555.45
391.39
385.70
574.27
549.45
577.92
416.32
386.75
542.40
579.82
396.67
388.40
522.92
515.20
592.07
418.24
409.00
502.60
535.05
423.31
405.95
555.97
571.32
551.57
402.14
529.47
555.86
559.91
387.85
398.41
548.75
578.03
416.32
385.95
541.91
569.69
558.14
388.95
536.10
515.29
585.25
412.03
408.05
510.99
540.74
524.93
397.25
393.08
567.86
540.25
391.64
388.10
548.25
568.50
391.95
389.21
535.52
580.27
536.58
385.41
392.21
570.23
556.48
385.65
402.47
513.79
582.19
569.04
405.41
432.90
533.52
522.56
397.25
396.14
567.86
536.00
392.26
388.40
553.71
567.32
577.92
393.60
539.76
581.06
537.63
387.00
388.60
569.69
555.35
386.80
405.68
509.51
579.71
567.32
408.05
431.16
531.44
521.56
395.52
396.72
566.68
537.63
529.85
391.64
401.28
567.86
568.50
387.80
401.28
580.38
537.15
384.57
396.72
570.13
555.97
549.35
405.41
427.59
571.97
574.82
417.59
431.53
529.47
515.64
575.48
392.77
397.25
535.05
524.93
390.07
400.16
566.68
567.32
390.57
400.48
580.95
536.10
540.25
397.83
387.05
554.32
549.45
402.14
426.26
568.50
577.92
524.93
430.17
407.50
514.23
567.32
393.34
392.77
529.01
532.95
400.16
397.25
561.59
576.15
544.56
390.83
407.72
534.57
559.91
398.14
381.49
553.10
546.05
401.88
423.01
572.52
584.00
522.92
429.55
407.77
515.73
563.91
556.48
396.09
535.05
535.05
563.91
396.14
385.41
576.15
