1913.27
1960.78
2074.69
2279.64
2564.10
2471.17
1768.87
511.25
2054.79
1937.98
499.83
2512.56
2508.36
523.01
2167.63
2000.00
1865.67
2051.98
2252.25
210.67
2546.69
1758.50
1891.55
513.52
2000.00
2252.25
2388.53
2555.37
1960.78
504.88
1971.09
1818.18
494.89
2238.81
211.06
494.89
1783.59
1925.55
1898.73
2032.52
2164.50
2595.16
2631.58
1918.16
1840.49
1978.89
1796.41
2161.38
2139.80
210.53
1748.25
502.51
1950.59
1829.27
494.23
2133.71
2650.18
483.56
1870.32
1847.29
2024.29
1872.66
2130.68
2608.70
210.14
1712.33
2097.90
1948.05
1854.14
2149.00
2145.92
2516.78
2459.02
517.60
1898.73
2027.03
503.36
2080.44
2577.32
432.03
1748.25
2127.66
1923.08
1910.83
2092.05
2130.68
2590.67
2459.02
1768.87
519.39
2032.52
2010.72
490.04
2669.04
2500.00
522.65
2103.79
1867.99
508.65
2068.97
2222.22
210.82
2454.99
1777.25
1845.02
2060.44
1960.78
2215.66
2599.65
2529.51
1920.61
513.35
1930.50
1913.27
498.17
2209.13
210.67
496.36
1781.47
1870.32
513.52
1992.03
2232.14
2454.99
2542.37
1910.83
1805.05
1978.89
1851.85
2142.86
2265.86
210.97
1752.34
505.22
1901.14
1896.33
494.72
2265.86
2471.17
484.50
1913.27
1818.18
2063.27
1798.56
2177.07
2555.37
211.15
1777.25
2124.65
1976.28
1877.35
1994.68
2180.23
2595.16
2495.84
515.46
1847.29
2054.79
506.24
2142.86
2707.58
2640.84
1736.11
2074.69
1923.08
1835.99
2040.82
2139.80
2622.38
2495.84
1829.27
522.28
2024.29
2043.60
493.91
2542.37
2702.70
511.25
2115.66
1920.61
503.52
2152.08
2112.68
210.08
2500.00
1779.36
1920.61
1960.78
2032.52
2139.80
2551.02
2572.90
1937.98
513.70
1886.79
1851.85
498.34
2186.59
210.50
494.56
1762.63
1863.35
1932.99
1973.68
2232.14
2717.39
2521.01
1930.50
1865.67
1893.94
1879.70
2051.98
2228.83
212.31
1764.71
502.34
1893.94
1928.02
497.68
2205.88
2538.07
475.13
1930.50
1903.55
2051.98
1858.74
2100.84
2431.12
211.12
1768.87
2164.50
1891.55
1910.83
2066.12
2245.51
2439.02
2613.24
512.47
1775.15
2054.79
498.34
2177.07
2463.05
428.08
1773.05
2155.17
1950.59
1896.33
1978.89
2180.23
2577.32
2559.73
1796.41
514.58
2077.56
2060.44
499.83
2599.65
2659.57
517.24
2130.68
1960.78
496.20
2016.13
2142.86
209.97
2479.34
1813.78
1955.67
2049.18
2040.82
2170.77
2631.58
2659.57
1851.85
506.93
1955.67
1840.49
500.17
2170.77
210.14
492.93
1802.88
1965.92
500.00
1963.35
2142.86
2504.17
2626.97
1928.02
1910.83
1923.08
1898.73
2080.44
2133.71
211.42
1732.10
501.67
1935.48
1910.83
496.20
2183.41
2688.17
475.89
1937.98
1884.42
507.79
1905.97
2035.28
2640.84
211.92
1736.11
2115.66
1877.35
1920.61
2063.27
2235.47
2542.37
2411.58
517.24
1891.55
2010.72
504.37
2066.12
2555.37
430.29
1764.71
2183.41
506.76
1925.55
2080.44
2202.64
2487.56
2542.37
1777.25
1822.60
2089.14
2027.03
499.17
2443.00
2564.10
517.78
2158.27
1989.39
503.52
2002.67
2265.86
211.03
2559.73
1809.41
1903.55
2063.27
2013.42
2158.27
2631.58
2645.50
1908.40
504.88
1968.50
1764.71
504.37
2133.71
210.56
492.13
1824.82
1973.68
505.05
2032.52
2149.00
2669.04
2664.30
1877.35
1845.02
1984.13
1851.85
2109.70
2177.07
210.53
1734.10
1827.04
1948.05
1849.57
492.29
2155.17
2581.76
475.74
1955.67
1901.14
511.95
1886.79
2083.33
218.69
210.50
1722.16
2145.92
1937.98
1838.24
2109.70
2142.86
2521.01
2446.98
515.11
1896.33
1955.67
505.05
2027.03
2542.37
430.42
1798.56
2089.14
506.93
1940.49
2046.38
2232.14
2608.70
2443.00
1768.87
1858.74
2063.27
1923.08
2013.42
2568.49
2479.34
523.93
2139.80
1978.89
505.22
2046.38
2212.39
2504.17
2479.34
1777.25
510.90
2057.61
1950.59
499.33
2495.84
2512.56
1903.55
2170.77
1981.51
1827.04
2077.56
2242.15
211.36
2595.16
1768.87
1891.55
514.05
2010.72
2225.52
2491.69
2555.37
1918.16
505.73
1973.68
1785.71
498.84
2186.59
210.76
492.93
1838.24
1958.22
1865.67
2032.52
2145.92
2640.84
2640.84
1923.08
1829.27
519.93
1849.57
2161.38
218.63
209.47
1716.25
498.17
1940.49
1838.24
490.68
2177.07
2572.90
2483.44
1910.83
1867.99
2016.13
1856.44
2127.66
2599.65
210.73
1708.43
2149.00
512.65
1867.99
2164.50
2139.80
2516.78
2546.69
516.35
1896.33
1978.89
504.37
2112.68
2521.01
2564.10
1748.25
2106.74
1898.73
1915.71
2068.97
2161.38
2590.67
2435.06
1794.26
517.42
2043.60
1948.05
491.80
2722.32
2450.98
520.29
2100.84
1910.83
508.82
2066.12
2225.52
210.05
2435.06
1760.56
1856.44
2092.05
1958.22
2225.52
2483.44
2516.78
1950.59
511.42
1992.03
1856.44
491.16
2242.15
210.50
496.85
1770.96
1886.79
1908.40
2032.52
2283.10
2419.35
2538.07
1915.71
1809.41
1973.68
1842.75
2180.23
2245.51
211.06
1783.59
506.07
1950.59
1910.83
491.80
2199.41
2568.49
482.94
1920.61
1847.29
2089.14
1789.98
2142.86
2673.80
210.41
1768.87
2121.64
1958.22
1842.75
2008.03
2173.91
2617.80
2463.05
517.24
1820.39
2016.13
508.65
2136.75
2599.65
431.28
1722.16
2103.79
1913.27
1854.14
2121.64
2130.68
2564.10
2443.00
1833.74
1913.27
2002.67
2005.35
492.93
2538.07
2581.76
517.78
2097.90
1901.14
508.13
2118.64
2130.68
211.12
2491.69
1738.12
1882.06
1943.01
2063.27
2177.07
2581.76
2559.73
1971.09
2118.64
1901.14
1877.35
494.40
2196.19
209.85
495.21
1762.63
1835.99
513.52
1920.61
2202.64
2559.73
2521.01
1920.61
1865.67
1910.83
1891.55
2086.23
2222.22
212.13
1754.39
1773.05
1847.29
1901.14
492.93
2222.22
2439.02
478.47
1910.83
1811.59
514.23
1845.02
2161.38
220.17
211.03
1775.15
2155.17
1898.73
1905.97
2018.84
2218.93
2427.18
2555.37
512.82
1805.05
2083.33
502.85
2158.27
2546.69
429.55
1764.71
2161.38
513.87
1877.35
1965.92
2152.08
2581.76
2479.34
1822.60
1847.29
2049.18
2040.82
2155.17
2626.97
2712.48
514.40
2100.84
1935.48
496.52
2094.97
2189.78
210.17
2508.36
1818.18
521.56
2032.52
2027.03
492.77
2599.65
2586.21
1893.94
2112.68
1943.01
1928.02
2112.68
2103.79
211.80
493.58
1783.59
1940.49
500.50
1973.68
2103.79
2463.05
2626.97
1960.78
510.20
1889.17
1891.55
496.36
2145.92
210.59
492.13
1787.84
1903.55
1901.14
2016.13
2218.93
2722.32
2516.78
1940.49
1863.35
510.55
1889.17
2049.18
220.82
210.73
1766.78
499.83
1870.32
1960.78
492.13
2202.64
2512.56
2504.17
1925.55
1865.67
2083.33
1858.74
2121.64
2475.25
210.53
1764.71
2161.38
511.07
1918.16
2074.69
2245.51
2446.98
2617.80
511.77
1787.84
2066.12
501.00
2170.77
2529.51
2590.67
1775.15
2177.07
1968.50
1893.94
1992.03
2192.98
2555.37
2551.02
1838.24
1856.44
2080.44
2027.03
498.50
2636.20
2664.30
509.68
2109.70
1963.35
495.70
2000.00
2121.64
209.79
2463.05
1805.05
521.56
2018.84
2013.42
2180.23
2608.70
2617.80
1851.85
2115.66
1978.89
1854.14
2139.80
2170.77
209.88
488.28
1792.11
1948.05
501.67
1943.01
2130.68
2525.25
2659.57
1968.50
509.86
1935.48
1865.67
2013.42
2145.92
211.21
1722.16
1781.47
1886.79
1879.70
1981.51
2164.50
2504.17
476.95
1928.02
1886.79
506.93
1896.33
2032.52
219.75
211.39
1787.84
501.50
1835.99
1960.78
2054.79
2215.66
2617.80
2435.06
1960.78
1847.29
2054.79
1882.06
2086.23
2504.17
210.64
1762.63
2196.19
508.13
1932.99
2051.98
2205.88
2463.05
2568.49
516.00
1779.36
2071.82
498.50
2118.64
2459.02
2551.02
1760.56
2167.63
1973.68
1891.55
2054.79
2235.47
2533.78
2590.67
1789.98
515.29
2074.69
2018.84
499.67
2590.67
2645.50
512.47
2152.08
1955.67
500.67
1965.92
2136.75
210.26
2546.69
1829.27
1968.50
2038.04
2057.61
2139.80
2640.84
2664.30
1870.32
508.65
1973.68
1863.35
504.54
2167.63
209.85
492.45
1800.72
1950.59
504.54
2038.04
2173.91
2595.16
2608.70
1960.78
1898.73
1960.78
1893.94
2046.38
2139.80
210.59
1732.10
1777.25
1923.08
1886.79
497.84
2127.66
2577.32
474.08
1955.67
1875.00
510.03
1877.35
2043.60
2693.00
210.35
1783.59
2097.90
1879.70
1943.01
2049.18
2209.13
2707.58
2423.26
521.20
1861.04
2100.84
502.51
2008.03
2604.17
428.57
1756.44
2149.00
505.39
1960.78
2060.44
2202.64
2500.00
2459.02
515.46
1813.78
2080.44
2005.35
2112.68
2459.02
2538.07
1752.34
2173.91
1971.09
504.88
2054.79
2248.88
2384.74
2590.67
1764.71
513.35
2071.82
2021.56
498.50
2471.17
2538.07
517.24
2149.00
1945.53
1800.72
2002.67
2225.52
210.11
2555.37
1815.98
1992.03
509.68
2051.98
2173.91
2604.17
2645.50
1901.14
505.56
1958.22
1822.60
504.88
2155.17
209.41
493.58
1818.18
1940.49
1835.99
2038.04
2186.59
2631.58
2707.58
1847.29
