1250.52
2321.98
2341.92
1236.09
2523.13
3658.54
1156.52
1220.01
2255.64
2293.58
1225.49
2237.14
2806.36
1178.32
2413.52
2321.98
2283.10
1214.57
2500.00
2737.23
1188.12
2617.80
2351.10
2351.10
1285.35
2237.14
2657.22
1050.42
2620.09
2444.99
1244.81
1264.76
2502.08
2210.76
1125.70
2909.80
2487.56
1256.28
2323.78
2311.25
2487.56
1166.41
3588.52
2489.63
1217.04
2264.15
2362.20
1201.44
1214.57
2819.55
2722.32
1201.44
2321.98
2255.64
1228.00
1238.65
2683.36
2790.70
1222.49
2341.92
2331.00
1270.65
2218.93
2620.09
4846.53
1170.96
2382.84
2293.58
1288.11
2467.11
2274.45
2923.98
1153.85
2433.09
2341.92
1250.52
2313.03
2489.63
1170.96
3865.98
2581.76
2382.84
1258.92
2313.03
2274.45
1211.63
2865.33
2669.04
2362.20
1244.81
2331.00
2401.92
1256.28
2747.25
2722.32
2502.08
1256.28
2313.03
2302.38
1236.60
2500.00
6000.00
1180.64
1217.04
2237.14
2313.03
1236.60
2255.64
2892.96
1178.78
2433.09
2313.03
2255.64
1206.76
2467.11
2749.77
1017.98
2595.16
2331.00
2371.54
1297.58
2283.10
2608.70
1036.99
2669.04
2467.11
1239.67
1259.45
2489.63
2238.81
1134.64
2865.33
2444.99
1255.76
2331.00
2264.15
2502.08
1168.22
3521.13
2500.00
1206.76
2237.14
2382.84
2272.73
1214.57
2819.55
2710.03
1222.99
2293.58
2237.14
2477.29
1255.76
2707.58
2846.30
1222.99
2340.09
2331.00
1267.96
2264.15
2595.16
4531.72
1151.19
2413.52
2264.15
1276.60
2477.29
2255.64
2865.33
1163.24
2413.52
2341.92
1247.92
2341.92
2479.34
2710.03
1160.99
2631.58
2360.35
1261.56
2313.03
2284.84
2523.13
2892.96
2657.22
2351.10
1241.72
2362.20
2479.34
1244.81
1156.07
2737.23
2512.56
1270.65
2293.58
2283.10
1242.24
2500.00
6000.00
2510.46
1222.99
2264.15
2284.84
1236.60
2264.15
2849.00
2722.32
1199.04
2313.03
2274.45
1209.68
2467.11
2762.43
2790.70
1212.12
2392.34
2341.92
1285.35
2283.10
2559.73
5940.59
1170.96
2489.63
2210.76
1261.56
2467.11
2228.83
1125.70
2955.67
2413.52
2302.38
1253.13
2255.64
2477.29
1180.64
3476.25
2535.93
2371.54
1282.60
2362.20
2255.64
1214.57
2803.74
2671.42
1244.81
1239.16
2247.19
2467.11
1264.76
2683.36
2846.30
1200.96
2351.10
2321.98
2313.03
1214.57
2645.50
4092.77
1156.52
2371.54
2257.34
1270.65
1203.85
2265.86
2790.70
1165.95
2457.00
2362.20
1247.40
2311.25
2502.08
2695.42
1158.30
2570.69
2362.20
1267.96
2283.10
2245.51
2568.49
2819.55
2581.76
2362.20
1244.30
2362.20
2487.56
1236.09
1160.99
2749.77
2479.34
1282.05
2291.83
2293.58
1250.52
2533.78
3562.95
2570.69
1199.04
2247.19
2311.25
1212.12
2265.86
2865.33
2737.23
1201.44
2321.98
2293.58
1217.04
2467.11
2707.58
1010.10
1209.19
2403.85
2331.00
1270.65
2265.86
2523.13
5940.59
2790.70
2401.92
2255.64
1267.43
2477.29
2228.83
1137.23
2879.08
2423.26
2311.25
1258.92
2311.25
2500.00
1183.43
6000.00
2592.91
1220.01
1285.35
2351.10
2247.19
1203.85
2775.21
2631.58
1236.60
2293.58
2237.14
2500.00
1253.13
2764.98
2923.98
1170.96
2380.95
2321.98
2302.38
1217.53
2643.17
3708.28
1191.42
2403.85
2257.34
1285.35
1206.27
2237.14
2762.43
1151.63
2523.13
2302.38
1250.00
2311.25
2489.63
2669.04
1163.69
2479.34
2321.98
1282.05
2321.98
2247.19
2592.91
2806.36
2608.70
2382.84
1258.92
2293.58
2479.34
1255.76
1141.99
2764.98
2425.22
1270.65
2321.98
2293.58
1250.00
2523.13
3708.28
2592.91
1186.24
2247.19
2321.98
1201.44
2284.84
2849.00
2669.04
1217.53
2302.38
2321.98
1230.52
2467.11
2749.77
2683.36
1199.04
2380.95
2331.00
1279.32
2284.84
2546.69
5940.59
1183.43
2371.54
2264.15
1261.56
2454.99
2237.14
1137.23
2695.42
2423.26
2302.38
1282.05
2323.78
2467.11
1196.17
3658.54
2606.43
2332.81
1253.13
2293.58
2283.10
1201.44
2790.70
2657.22
1225.49
1239.16
2237.14
2500.00
1261.56
2777.78
2941.18
1173.25
1258.92
2331.00
2274.45
1228.00
2645.50
3367.00
1209.19
2413.52
2245.51
2362.20
1204.34
2210.76
2803.74
1137.23
2489.63
2265.86
1253.13
1233.55
2535.93
2695.42
1170.96
2479.34
2341.92
1282.05
1264.76
2284.84
2570.69
2764.98
2697.84
2382.84
1261.56
2291.83
2467.11
2247.19
1137.23
2762.43
2392.34
1259.45
2313.03
2331.00
2479.34
1163.24
3861.00
2631.58
1193.79
2245.51
2293.58
1196.17
1220.01
2862.60
2620.09
1224.99
2331.00
2341.92
1214.57
2502.08
2747.25
2749.77
1180.64
2411.58
2313.03
1285.35
2283.10
2489.63
3541.91
1196.17
2362.20
2255.64
1253.13
2403.85
2265.86
2835.54
1156.07
2457.00
2332.81
1282.60
2313.03
2477.29
1185.77
5940.59
2570.69
2401.92
1247.40
2293.58
2284.84
1209.19
2790.70
2707.58
2502.08
1247.92
2255.64
2444.99
1255.76
2806.36
2955.67
1181.10
1261.56
2351.10
2238.81
1222.49
2620.09
3521.13
1206.76
2457.00
2255.64
2371.54
1209.19
2227.17
2835.54
1139.38
2477.29
2276.18
1250.52
1236.09
2512.56
2671.42
1175.55
2477.29
2382.84
1270.11
1267.96
2247.19
2643.17
1027.05
2749.77
2403.85
1273.34
2272.73
2467.11
2274.45
1144.60
2749.77
2479.34
1256.28
2302.38
2311.25
1242.24
1156.07
4680.19
2617.80
1201.44
2274.45
2284.84
1204.34
1224.99
2819.55
2570.69
1233.55
2351.10
2362.20
1225.49
2489.63
2695.42
2777.78
1183.43
2403.85
2283.10
1279.32
2293.58
2535.93
3567.18
1196.17
2362.20
2247.19
1255.76
2413.52
2247.19
1156.52
2707.58
2489.63
2302.38
1279.32
2291.83
2467.11
1170.96
6000.00
2535.93
2423.26
1239.16
2284.84
2274.45
1214.57
2892.96
2790.70
1201.44
1258.92
2238.81
2467.11
1253.13
2762.43
2938.30
1199.04
2332.81
2382.84
2302.38
1217.04
2581.76
5952.38
1178.32
2454.99
2210.76
2313.03
1203.85
2247.19
2790.70
1144.60
2423.26
2284.84
1247.40
1233.55
2467.11
2737.23
1196.17
2489.63
2362.20
1288.11
2371.54
2255.64
2631.58
2777.78
2749.77
2380.95
1247.40
2245.51
2489.63
1247.92
2695.42
2819.55
2512.56
1247.40
2323.78
2313.03
1233.55
2595.16
4724.41
2533.78
1206.76
2265.86
2293.58
1206.76
2302.38
2777.78
2595.16
1214.57
2341.92
2291.83
1214.57
2467.11
2707.58
2806.36
1196.17
2360.35
2313.03
1282.05
2274.45
2510.46
1030.93
2617.80
2340.09
2274.45
1271.19
2454.99
2291.83
1163.69
2749.77
2512.56
2302.38
1262.10
2264.15
2479.34
1165.95
3307.61
2533.78
1203.85
1261.56
2331.00
2274.45
1217.04
2835.54
2762.43
1193.79
1267.43
2283.10
2423.26
1255.76
2832.86
2747.25
1217.04
2380.95
2362.20
2302.38
1236.09
2500.00
3663.00
1158.75
2467.11
2228.83
1264.76
1236.60
2228.83
2790.70
1173.71
2392.34
2302.38
1270.65
2212.39
2467.11
2722.32
1186.24
2557.54
2362.20
1294.22
2392.34
2255.64
1220.01
2819.55
2617.80
2425.22
1233.55
2245.51
2489.63
1242.24
2695.42
2909.80
2479.34
1247.40
2341.92
2302.38
1225.49
2617.80
3973.51
2467.11
1212.12
2264.15
2313.03
1204.34
2293.58
2775.21
1168.68
2487.56
2321.98
2293.58
1222.99
2467.11
2749.77
1163.24
2595.16
2352.94
2304.15
1273.34
2265.86
2570.69
1017.64
2535.93
2321.98
1250.52
1276.05
2444.99
2264.15
1146.79
2819.55
2489.63
1282.05
2331.00
2272.73
2477.29
1173.71
3452.24
2583.98
1190.95
2237.14
2311.25
1222.49
1209.68
2909.80
2695.42
1201.44
2321.98
2302.38
1212.12
2467.11
2749.77
2683.36
1214.57
2392.34
2341.92
1282.05
2255.64
2500.00
6000.00
1165.95
2382.84
2255.64
1270.11
2444.99
2237.14
1137.23
2909.80
2403.85
2321.98
1267.96
2245.51
2489.63
1196.17
5952.38
2595.16
1212.12
2218.93
2340.09
2245.51
1209.19
2777.78
2606.43
1233.55
2293.58
2228.83
2489.63
1253.13
2749.77
2909.80
1163.24
2362.20
2313.03
1262.10
2274.45
2608.70
3500.58
1180.64
2394.25
2264.15
1282.05
2489.63
2237.14
1137.23
1153.85
2512.56
2304.15
1253.13
2321.98
2489.63
1158.75
4418.26
2500.00
2351.10
1279.32
2283.10
2228.83
1217.53
2819.55
2581.76
1214.57
2332.81
2293.58
2457.00
1247.40
2671.42
2793.30
1188.12
2321.98
2313.03
2302.38
1244.81
2535.93
3731.34
1217.04
2362.20
2238.81
1273.34
2469.14
2274.45
2865.33
1129.94
2512.56
2293.58
1256.28
2293.58
2489.63
2722.32
1173.25
2512.56
2444.99
1247.40
2284.84
2264.15
1217.04
2865.33
2819.55
2373.42
1261.56
2284.84
2413.52
1256.28
2777.78
2777.78
2467.11
1236.60
2362.20
2321.98
1222.99
2523.13
6000.00
1163.24
1222.49
2218.93
2284.84
1222.49
2255.64
2832.86
1156.07
2392.34
2302.38
1250.52
1236.09
2479.34
2722.32
1199.04
2512.56
2371.54
1288.66
1273.34
2264.15
2617.80
2819.55
2669.04
2382.84
1239.16
2247.19
2479.34
1255.76
2645.50
2790.70
2510.46
1250.52
2321.98
2302.38
1220.01
2620.09
3973.51
2454.99
1217.04
2237.14
2341.92
1206.76
2274.45
2764.98
1151.19
2444.99
2360.35
2293.58
1220.01
2467.11
2697.84
1170.96
2595.16
2351.10
1262.10
1279.32
2255.64
2568.49
1008.40
2559.73
2341.92
1233.55
2352.94
2467.11
2284.84
1148.99
2737.23
2489.63
1291.43
2293.58
2283.10
1242.24
2512.56
3521.13
2581.76
1193.79
2247.19
2311.25
1220.01
2255.64
2895.75
2695.42
1201.44
2321.98
2283.10
1225.49
2477.29
2777.78
1170.96
1211.63
2401.92
2352.94
1276.60
2274.45
2510.46
6000.00
2806.36
2413.52
2237.14
1261.56
2454.99
2245.51
1130.37
2862.60
2401.92
1244.30
1258.39
2265.86
2489.63
1196.65
