1839.36
1929.26
2944.06
3024.19
3089.60
3184.71
2780.35
2926.83
2976.19
3009.03
1858.74
1977.59
1895.14
3128.26
3198.29
3009.03
2884.62
2659.57
3061.22
3201.71
1863.35
1948.05
2028.40
1890.36
1908.40
2976.19
2881.84
3161.22
3076.92
3108.81
2961.50
1876.17
1908.40
1921.84
1902.35
1895.14
3201.71
3092.78
3144.65
3201.71
3061.22
3144.65
1908.40
1909.61
1977.59
1903.55
3144.65
2808.99
2976.19
3058.10
3089.60
3161.22
2808.99
1915.71
1902.35
1845.02
1863.35
2035.28
2714.93
3006.01
3128.26
3024.19
2915.45
2673.80
1895.14
1928.02
1876.17
1990.71
2006.69
3144.65
3024.19
2944.06
2944.06
3073.77
3164.56
3076.92
1870.32
1921.84
1921.84
1908.40
3161.22
3058.10
3108.81
3164.56
3161.22
3215.43
3058.10
1863.35
1929.26
1928.02
1984.13
3058.10
3181.34
2780.35
2958.58
2991.03
3042.60
3108.81
2028.40
1935.48
1882.06
1845.02
3024.19
2912.62
2700.27
2991.03
3144.65
3024.19
1956.95
2042.21
1915.71
1915.71
1896.33
2870.81
3128.26
3198.29
3039.51
3006.01
2898.55
3128.26
1902.35
1915.71
1857.59
1876.17
3128.26
3128.26
3181.34
3058.10
3198.29
3125.00
3181.34
1984.13
1890.36
1827.04
1921.84
2944.06
2991.03
3024.19
3128.26
2752.29
2915.45
1883.24
1851.85
1890.36
1998.67
1896.33
3076.92
3198.29
3112.03
2884.62
2700.27
3092.78
3215.43
1902.35
1949.32
1976.28
1870.32
3089.60
2976.19
2868.07
3144.65
3108.81
3108.81
2961.50
1929.26
1870.32
1889.17
1895.14
3042.60
3257.33
3042.60
3164.56
3181.34
3042.60
3236.25
1929.26
1909.61
1976.28
1902.35
3161.22
2767.53
2944.06
2958.58
3009.03
3253.80
1984.13
1935.48
1863.35
1827.04
1882.06
2868.07
2700.27
3058.10
3181.34
3128.26
2895.75
2013.42
1915.71
1902.35
1889.17
2898.55
3144.65
3147.95
3006.01
2991.03
2901.35
3128.26
1883.24
1902.35
1890.36
1870.32
3128.26
3125.00
3144.65
3073.77
3147.95
3108.81
3108.81
1977.59
1877.35
1857.59
1929.26
2912.62
2958.58
3027.25
3184.71
2767.53
2912.62
2961.50
1870.32
1863.35
2021.56
1941.75
3073.77
3181.34
3039.51
2868.07
2673.80
3076.92
3164.56
1889.17
1955.67
2020.20
1929.26
3039.51
2976.19
2912.62
3108.81
3147.95
3058.10
2973.24
1883.24
1921.84
1902.35
1902.35
3058.10
3181.34
3076.92
3112.03
3144.65
3092.78
3144.65
1948.05
1915.71
1955.67
1901.14
3161.22
2767.53
2868.07
2898.55
3024.19
3144.65
2013.42
1902.35
1851.85
1870.32
1896.33
2898.55
2636.20
3042.60
3236.25
3024.19
2898.55
2035.28
1909.61
1908.40
1883.24
1955.67
3161.22
3112.03
3024.19
2976.19
2881.84
3144.65
1863.35
1902.35
1877.35
1902.35
3092.78
3058.10
3092.78
3128.26
3128.26
3201.71
3092.78
1955.67
1889.17
1846.15
1956.95
2926.83
2991.03
3058.10
3112.03
2795.90
2915.45
2991.03
1857.59
1877.35
2028.40
1928.02
3024.19
3164.56
3009.03
2912.62
2673.80
3058.10
3181.34
1901.14
1963.35
2012.07
1921.84
2994.01
2976.19
2926.83
3108.81
3076.92
2994.01
2973.24
1890.36
1943.01
1896.33
1895.14
3092.78
3164.56
3161.22
3076.92
3181.34
3092.78
3181.34
1949.32
1901.14
1990.71
1902.35
3147.95
2824.86
2870.81
2979.15
3089.60
3092.78
2782.93
1902.35
1909.61
1857.59
1895.14
2868.07
2700.27
3009.03
3181.34
3042.60
2881.84
2685.77
1929.26
1908.40
1909.61
1935.48
3184.71
3058.10
2961.50
2976.19
2868.07
3164.56
1870.32
1883.24
1908.40
1889.17
1908.40
3058.10
3201.71
3042.60
3144.65
3164.56
3042.60
3198.29
1902.35
1845.02
1935.48
1895.14
2994.01
3058.10
3198.29
2782.93
2898.55
2961.50
1846.15
1889.17
2012.07
1908.40
2994.01
3201.71
3042.60
2868.07
2727.27
3058.10
3239.74
1915.71
1949.32
2005.35
1908.40
2994.01
2994.01
2898.55
3147.95
3042.60
3024.19
2929.69
1929.26
1902.35
1908.40
1896.33
3058.10
3128.26
3201.71
3073.77
3181.34
3009.03
3236.25
1935.48
1902.35
1998.67
1908.40
3147.95
2824.86
2915.45
2991.03
3073.77
3164.56
2854.42
1921.84
1929.26
1864.51
1870.32
2898.55
2700.27
3027.25
3201.71
3042.60
2912.62
2714.93
1928.02
1908.40
1876.17
1962.07
3125.00
3042.60
3024.19
2976.19
2926.83
3164.56
3073.77
1863.35
1902.35
1890.36
1921.84
3076.92
3181.34
3092.78
3218.88
3164.56
3073.77
3218.88
1889.17
1809.41
1949.32
1877.35
2991.03
3092.78
3181.34
2780.35
2929.69
2991.03
3073.77
1889.17
2013.42
1909.61
1909.61
3164.56
3039.51
2884.62
2700.27
2994.01
3181.34
3061.22
1949.32
2020.20
1896.33
1908.40
2944.06
2929.69
3108.81
3092.78
2991.03
2976.19
1895.14
1902.35
1877.35
1876.17
1895.14
3257.33
3164.56
3076.92
3218.88
3089.60
3181.34
3201.71
1896.33
2012.07
1909.61
1821.49
2824.86
2912.62
2961.50
3039.51
3144.65
2824.86
1935.48
1889.17
1858.74
1883.24
2013.42
2724.80
2958.58
3236.25
3024.19
2961.50
2714.93
1902.35
1923.08
1895.14
1990.71
2013.42
3092.78
3042.60
2991.03
2961.50
3161.22
3073.77
1864.51
1921.84
1889.17
1915.71
1882.06
3161.22
3058.10
3147.95
3164.56
3128.26
3181.34
3058.10
1832.62
1936.73
1914.49
1969.80
3108.81
3128.26
2782.93
2946.95
2929.69
3112.03
3144.65
2020.20
1908.40
1896.33
1870.32
3058.10
2884.62
2727.27
2961.50
3181.34
3042.60
1956.95
1990.71
1916.93
1883.24
1921.84
2868.07
3128.26
3058.10
3042.60
3006.01
2915.45
3161.22
1858.74
1923.08
1908.40
3144.65
3198.29
3061.22
3181.34
3024.19
3128.26
3198.29
1896.33
1984.13
1921.84
1839.36
2824.86
2912.62
2991.03
3073.77
3128.26
2824.86
2915.45
1882.06
1863.35
1883.24
2020.20
2727.27
2976.19
3218.88
3058.10
2898.55
2752.29
2976.19
1935.48
1889.17
1998.67
1984.13
3042.60
3024.19
2929.69
2961.50
3161.22
3024.19
2994.01
1909.61
1929.26
1908.40
3092.78
3164.56
3024.19
3236.25
3198.29
3073.77
3164.56
1877.35
1857.59
1956.95
1877.35
2991.03
2991.03
3177.97
2767.53
2976.19
2929.69
3024.19
1889.17
1992.03
1929.26
1902.35
3164.56
3092.78
2929.69
2767.53
3009.03
3201.71
3024.19
1984.13
2006.69
1896.33
1908.40
2994.01
2868.07
3164.56
3073.77
3009.03
3009.03
1877.35
1895.14
1889.17
1883.24
1895.14
3164.56
3164.56
3128.26
3161.22
3058.10
3144.65
3161.22
1903.55
1984.13
1908.40
1839.36
2808.99
2991.03
2912.62
3042.60
3108.81
2808.99
2915.45
1908.40
1838.24
1889.17
2006.69
2742.23
2991.03
3198.29
3061.22
2851.71
2767.53
3009.03
1929.26
1896.33
1969.80
1998.67
3073.77
3009.03
2944.06
2929.69
3108.81
3092.78
2976.19
1929.26
1909.61
1889.17
1902.35
3144.65
3108.81
3201.71
3128.26
3198.29
3181.34
3076.92
1832.62
1949.32
1902.35
1969.80
3092.78
3181.34
2767.53
3009.03
2961.50
3164.56
1876.17
1992.03
1943.01
1850.71
3181.34
3058.10
2944.06
2767.53
3058.10
3201.71
3042.60
1969.80
1977.59
1908.40
1864.51
2976.19
2912.62
3108.81
3161.22
2979.15
2991.03
2929.69
1889.17
1902.35
1895.14
1883.24
3201.71
3112.03
3181.34
3181.34
3073.77
3144.65
3184.71
1902.35
1969.80
1896.33
1850.71
2782.93
2976.19
2946.95
3042.60
3181.34
2838.22
1915.71
1896.33
1851.85
1883.24
2006.69
2727.27
2961.50
3201.71
3058.10
2929.69
2754.82
1883.24
1941.75
1909.61
1949.32
1998.67
3092.78
3092.78
3042.60
2961.50
3112.03
3164.56
1903.55
1908.40
1889.17
1909.61
3092.78
3128.26
3039.51
3164.56
3181.34
3076.92
3161.22
1902.35
1839.36
1943.01
1902.35
2961.50
3009.03
3184.71
2782.93
2929.69
2961.50
3061.22
1890.36
2028.40
1909.61
1890.36
3164.56
3009.03
2961.50
2688.17
3076.92
3164.56
3024.19
1998.67
2005.35
1896.33
1914.49
2929.69
2961.50
3144.65
3027.25
3024.19
2929.69
2944.06
1923.08
1870.32
1902.35
1909.61
3218.88
3164.56
3061.22
3198.29
3039.51
3239.74
3164.56
1883.24
1955.67
1902.35
1845.02
2811.62
2915.45
2958.58
3024.19
3198.29
2808.99
1949.32
1870.32
1851.85
1876.17
2028.40
2688.17
3009.03
3201.71
2994.01
2976.19
2688.17
1889.17
1923.08
1876.17
1977.59
2013.42
3092.78
3076.92
2944.06
2946.95
3108.81
3108.81
1929.26
1896.33
1883.24
1915.71
3073.77
3218.88
3058.10
3128.26
3161.22
3058.10
3239.74
1908.40
1803.97
1950.59
1876.17
2946.95
3009.03
3144.65
2754.82
2961.50
2895.75
3058.10
1889.17
1985.44
1928.02
1851.85
3236.25
3039.51
2868.07
2782.93
3009.03
3218.88
3042.60
1929.26
2006.69
1896.33
1921.84
2976.19
2994.01
3108.81
3092.78
3009.03
2976.19
1896.33
1915.71
1876.17
1902.35
1915.71
3144.65
3181.34
3092.78
3161.22
3009.03
3218.88
3144.65
1877.35
1955.67
1882.06
3275.11
2795.90
2898.55
2898.55
3076.92
3181.34
2754.82
1923.08
1876.17
1845.02
1883.24
1998.67
2739.73
3009.03
3181.34
3092.78
2898.55
2742.23
1896.33
1896.33
1896.33
1962.07
1998.67
3144.65
2976.19
2991.03
2912.62
3181.34
3128.26
1882.06
1909.61
1889.17
1929.26
3073.77
3128.26
3076.92
3147.95
3198.29
3125.00
3128.26
1902.35
1821.49
1955.67
1909.61
2898.55
3058.10
3164.56
2840.91
2926.83
2912.62
3061.22
1876.17
2020.20
1902.35
1857.59
3239.74
3009.03
2901.35
2714.93
3009.03
3161.22
3042.60
1955.67
2013.42
1903.55
1909.61
2991.03
2898.55
3125.00
3076.92
3009.03
3009.03
1890.36
1915.71
1882.06
1902.35
1896.33
3181.34
3147.95
3184.71
3128.26
3161.22
3164.56
1921.84
1908.40
1963.35
1883.24
3181.34
2782.93
2991.03
2868.07
3112.03
3144.65
2808.99
1915.71
1870.32
1863.35
1902.35
1984.13
2727.27
2991.03
3161.22
3027.25
2915.45
2714.93
1909.61
1864.51
1929.26
1950.59
1977.59
3218.88
2976.19
2994.01
2912.62
3108.81
3184.71
1850.71
1923.08
1876.17
1896.33
3181.34
3073.77
3128.26
3218.88
3164.56
3222.34
3128.26
1896.33
1839.36
1929.26
1902.35
2912.62
3128.26
3144.65
2808.99
2958.58
2912.62
1845.02
1846.15
2035.28
1902.35
2991.03
3144.65
3061.22
2898.55
2782.93
3042.60
3144.65
1890.36
1962.07
1977.59
1915.71
1876.17
2912.62
2915.45
3092.78
3161.22
2994.01
3009.03
1895.14
1929.26
1877.35
1883.24
3027.25
3218.88
3144.65
3161.22
3161.22
3009.03
3201.71
1923.08
1895.14
1956.95
1883.24
3198.29
2780.35
3024.19
2915.45
3024.19
3181.34
1998.67
1915.71
1896.33
1846.15
1883.24
2898.55
2700.27
3009.03
3128.26
3092.78
2854.42
1971.09
1903.55
1909.61
1902.35
1969.80
3125.00
3128.26
3042.60
2976.19
2898.55
3144.65
1877.35
1902.35
1889.17
1896.33
3201.71
3092.78
3218.88
2994.01
3236.25
3144.65
3112.03
1969.80
1877.35
1833.74
1930.50
2944.06
2929.69
3073.77
3112.03
2824.86
2926.83
1851.85
1833.74
1903.55
1990.71
1949.32
2976.19
3201.71
3042.60
2915.45
2824.86
2991.03
3144.65
1902.35
1955.67
1984.13
1889.17
2946.95
