807.32
774.59
782.06
773.79
773.79
770.42
766.68
773.20
790.51
778.41
764.72
765.31
756.62
777.00
773.59
765.11
776.40
765.11
765.11
763.94
774.39
768.84
784.93
753.77
774.99
792.39
791.77
767.66
763.16
788.64
776.60
770.02
770.02
763.55
756.05
784.72
762.20
762.39
768.05
760.07
774.19
776.40
771.60
793.23
749.81
782.06
782.06
793.02
794.91
759.88
770.22
784.31
772.20
774.39
763.36
763.94
784.31
768.25
762.20
770.22
770.22
760.07
761.81
768.44
764.72
794.28
758.15
782.27
790.51
785.34
768.64
765.89
783.90
775.80
775.80
773.40
766.09
764.33
780.64
771.21
761.42
768.44
758.53
759.30
765.89
772.60
794.49
794.49
762.00
776.60
784.93
781.25
774.19
772.40
778.82
775.59
776.00
760.07
774.99
768.64
776.40
776.40
763.55
762.97
759.49
760.26
763.94
786.99
793.23
767.07
776.40
775.19
781.05
771.60
777.00
777.00
773.99
769.82
784.31
757.58
772.80
771.80
769.03
760.84
764.14
758.73
762.20
779.02
789.27
789.27
801.71
762.20
782.27
773.59
770.81
771.41
777.60
780.23
771.21
784.93
754.91
767.46
778.21
778.21
764.72
765.70
765.70
755.29
765.89
784.52
785.34
806.02
755.10
779.22
773.20
776.80
773.79
773.79
771.41
776.60
773.59
786.16
759.30
765.50
765.70
765.70
760.65
773.59
762.20
776.00
771.01
771.01
776.20
784.31
749.81
776.00
774.79
785.34
778.41
772.60
777.60
783.90
776.20
762.58
760.26
760.26
757.58
769.82
2475.25
1133.36
781.66
772.60
767.07
760.84
758.34
788.44
773.79
783.70
785.96
772.20
772.20
760.84
773.40
777.60
795.12
771.21
754.34
760.26
758.15
772.20
773.79
779.02
771.21
771.21
762.00
753.39
764.72
795.97
770.02
793.65
773.59
778.01
768.25
767.07
790.31
786.78
772.60
772.60
754.91
757.38
768.25
770.42
777.20
780.44
767.07
763.94
760.07
762.78
795.54
766.48
796.39
796.39
772.40
781.66
763.75
764.53
795.33
783.49
774.99
748.69
761.04
767.66
773.40
781.05
781.45
781.45
759.69
756.24
760.46
766.87
806.89
766.28
788.02
772.40
775.19
769.82
764.92
791.77
786.58
786.58
764.72
754.91
760.65
771.21
773.00
774.79
776.40
764.14
769.63
766.09
768.05
783.70
754.72
754.72
774.19
786.16
791.14
780.23
758.92
786.58
780.23
774.19
750.19
762.78
770.02
771.41
776.60
776.60
773.99
753.77
757.38
757.19
783.49
797.87
771.80
778.21
773.99
773.99
764.14
776.60
776.60
789.27
780.03
765.31
765.50
770.42
773.40
781.45
767.46
766.68
760.65
756.62
760.65
781.86
781.86
803.64
773.00
773.20
771.60
768.25
771.80
777.20
790.72
773.59
762.78
771.80
764.53
776.60
776.60
775.39
757.58
767.85
758.34
755.10
766.48
787.61
799.57
773.79
768.05
770.81
773.59
769.82
769.82
780.44
789.27
767.66
773.40
768.25
773.99
765.89
770.61
752.26
764.14
779.42
773.00
780.03
780.03
768.05
778.01
744.60
783.09
790.51
789.68
763.55
766.48
782.27
777.60
785.75
763.94
758.15
758.15
778.82
750.75
758.53
777.20
767.66
784.72
770.02
766.87
777.20
745.90
791.77
787.61
785.96
785.96
761.04
765.11
786.78
780.03
794.28
759.11
757.96
776.60
752.26
765.11
767.26
772.80
784.31
784.31
765.31
766.68
771.80
753.77
795.12
788.85
774.19
766.68
760.65
790.31
780.44
794.49
794.49
755.29
753.96
777.40
749.63
765.89
784.11
770.61
782.68
763.16
760.84
774.79
757.77
795.12
795.12
791.97
769.63
770.02
759.69
787.40
787.61
785.55
759.69
754.72
770.22
759.88
758.53
790.10
790.10
770.61
774.99
760.46
757.00
783.49
764.53
793.02
794.49
768.25
770.22
768.25
782.27
792.39
792.39
774.79
759.69
757.77
763.55
768.44
766.68
785.96
778.01
768.64
759.88
757.00
782.68
771.41
771.41
786.99
795.12
768.44
767.07
772.80
777.00
797.87
769.43
757.00
763.75
754.15
775.39
770.22
770.22
780.03
778.01
763.94
756.81
760.84
779.63
776.40
784.93
788.44
770.42
765.31
773.20
782.27
782.27
790.31
773.79
749.63
765.89
750.94
774.19
776.60
777.40
774.39
762.20
754.72
763.94
763.94
791.14
769.43
793.65
771.41
778.61
766.28
764.53
793.44
783.49
772.20
751.31
762.58
761.42
761.42
771.41
780.84
779.42
767.66
759.30
759.11
760.26
796.60
766.48
795.54
773.99
784.72
767.85
767.85
765.89
785.13
785.34
764.33
756.62
764.14
765.31
774.79
778.01
777.00
766.48
762.39
764.33
764.33
761.61
794.28
769.23
789.47
770.81
781.45
761.81
768.44
790.31
781.86
765.70
755.10
765.50
765.50
772.00
772.60
769.82
773.00
764.33
769.03
770.22
769.43
784.31
756.81
774.99
785.75
794.91
794.91
775.39
762.39
786.58
779.22
773.20
751.69
761.81
772.40
768.64
777.00
774.59
755.86
758.73
758.73
757.38
779.42
800.64
773.59
779.63
776.00
773.20
765.50
774.19
788.64
776.40
761.42
762.58
762.58
767.66
766.87
776.40
764.72
763.94
763.16
771.60
773.79
778.82
788.23
754.72
776.20
776.20
791.77
795.97
765.89
765.50
788.44
775.80
771.41
761.23
760.65
781.86
764.53
764.33
767.46
767.46
761.81
771.41
774.59
771.41
788.85
749.81
779.02
791.77
793.65
762.39
769.43
780.03
774.99
774.99
775.59
762.97
770.42
774.79
764.72
754.15
763.55
775.19
772.80
787.40
774.59
793.02
756.43
756.43
767.85
770.22
776.20
771.60
783.09
780.84
767.46
780.64
759.69
778.41
756.62
767.66
748.50
748.50
779.83
774.99
778.01
771.60
768.25
773.00
753.58
784.11
787.61
788.64
761.81
771.21
781.05
781.05
782.06
771.21
766.48
769.23
773.20
777.00
759.49
767.66
762.97
760.46
765.11
774.99
788.02
788.02
759.49
784.52
789.47
786.99
765.31
779.83
769.82
785.13
775.80
757.58
781.45
765.11
777.60
777.60
767.85
762.58
760.65
764.92
761.42
778.21
786.58
758.34
782.68
786.16
785.96
764.92
764.92
777.60
768.84
782.27
783.49
752.26
770.61
755.48
756.43
774.99
773.79
770.81
780.23
758.92
758.92
767.46
778.82
757.96
792.81
789.89
779.63
773.40
761.61
775.80
784.52
778.21
763.55
762.20
762.20
762.39
758.15
773.00
780.03
771.41
770.81
757.77
756.62
785.75
769.82
789.68
795.76
773.99
773.99
769.43
766.09
770.02
789.89
776.40
765.50
761.61
762.58
763.36
767.26
774.19
767.85
772.00
772.00
768.64
770.22
784.93
749.81
782.47
778.01
790.10
777.00
765.70
777.00
788.02
773.79
766.87
766.87
764.92
758.15
772.40
768.44
776.40
771.60
766.09
763.55
764.72
784.11
767.26
788.02
792.81
792.81
774.59
768.84
766.87
780.03
788.64
764.92
758.34
764.53
755.67
775.19
778.82
776.40
768.05
768.05
757.77
759.11
762.97
802.78
768.25
800.64
777.40
779.22
768.44
753.77
788.44
784.93
784.93
774.59
752.82
772.80
758.15
768.84
775.80
768.25
771.60
769.43
766.09
771.60
782.47
758.53
758.53
782.06
785.13
790.31
778.21
773.00
772.80
782.68
766.28
756.62
762.97
773.59
774.79
768.25
768.25
776.40
765.89
763.16
767.85
766.09
786.78
763.55
784.93
780.23
788.23
765.50
769.43
782.47
782.47
775.59
772.60
750.00
761.61
772.80
779.63
774.59
772.40
757.00
758.92
759.69
775.59
803.64
803.64
774.79
791.35
777.20
773.59
755.86
766.28
790.93
768.25
772.20
755.86
759.30
770.61
785.96
785.96
774.19
772.60
754.15
761.61
758.73
784.72
802.14
775.19
785.75
782.27
771.01
757.77
769.43
769.43
792.18
773.59
762.97
769.03
759.88
772.00
779.02
762.39
771.80
767.46
765.31
772.80
772.80
770.61
788.02
756.24
780.23
792.39
792.18
772.20
764.53
777.00
777.00
773.40
765.70
777.40
777.40
755.67
772.80
753.77
765.50
778.82
773.99
780.64
772.60
781.86
747.76
776.40
792.39
790.51
790.51
765.50
775.19
770.02
779.22
771.60
760.84
777.00
760.84
776.60
756.81
759.49
767.46
767.26
767.26
773.99
774.99
787.82
753.77
785.55
791.35
789.89
764.53
773.20
770.81
782.27
773.40
757.77
757.77
778.21
756.05
768.44
756.62
773.00
771.80
782.47
767.26
773.79
774.99
752.63
787.82
789.27
789.27
796.18
765.31
772.80
769.43
782.27
776.80
759.88
777.40
756.43
764.14
762.20
775.59
772.60
772.60
780.44
760.07
771.01
769.63
757.58
792.60
786.99
787.40
769.03
767.07
769.82
778.01
782.68
782.68
758.15
772.60
762.39
757.00
772.20
778.21
773.99
782.06
758.92
769.03
776.80
755.48
755.48
799.79
783.09
789.89
767.85
754.15
782.27
783.29
780.84
767.85
754.15
771.41
754.72
774.59
774.59
777.60
768.84
775.59
761.61
761.42
785.75
762.58
792.60
798.93
775.59
769.23
754.34
776.80
776.80
789.47
773.59
763.55
762.00
758.73
764.53
777.81
772.20
773.00
768.84
761.42
763.36
782.68
782.68
770.61
789.89
797.02
776.20
767.26
751.31
784.31
788.64
770.42
759.11
765.70
755.29
770.22
770.22
779.22
771.80
773.20
763.94
758.34
762.97
792.18
772.20
795.97
784.52
782.27
757.96
752.07
752.07
789.06
782.06
773.40
752.07
763.75
762.20
772.60
778.41
770.42
772.20
765.11
760.07
766.68
766.68
786.16
766.09
784.31
791.35
778.41
775.39
764.33
775.59
793.65
766.48
752.26
769.63
759.88
759.88
773.99
773.40
774.19
767.46
761.42
765.70
764.14
799.57
772.60
798.51
777.60
786.37
786.37
752.26
759.30
799.79
770.81
780.64
744.23
760.26
770.22
780.03
780.44
774.59
751.69
758.73
758.73
762.20
779.63
800.00
772.20
793.44
781.45
776.40
773.20
757.58
796.39
778.61
773.20
753.01
753.01
749.06
778.01
770.42
779.63
774.99
750.94
761.61
755.48
784.11
801.07
776.20
789.68
784.93
784.93
763.75
762.39
765.89
786.78
783.49
765.31
766.68
747.01
778.01
769.23
770.42
773.59
767.85
767.85
774.79
772.20
773.00
790.31
751.13
776.80
786.58
793.23
766.09
763.36
788.44
773.59
772.20
772.20
764.14
767.07
771.41
760.65
751.31
767.85
776.40
776.60
786.37
769.43
787.40
748.13
777.40
777.40
791.35
790.51
760.84
774.19
780.03
774.99
771.41
762.58
773.79
760.26
767.66
745.71
777.20
777.20
780.03
780.84
777.40
764.33
776.60
754.34
783.09
796.60
788.64
760.26
779.22
769.63
769.63
781.25
775.39
759.88
772.80
762.78
767.07
747.94
774.59
774.19
779.22
772.40
771.60
775.80
775.80
751.13
784.93
789.68
795.33
755.10
781.25
770.42
2671.42
1103.75
776.60
757.19
772.60
755.10
763.94
763.94
761.04
773.99
772.60
785.13
763.55
770.81
772.40
754.72
793.44
791.97
791.97
762.78
772.80
772.80
772.80
783.09
781.66
758.53
770.02
758.92
756.43
775.80
763.94
771.21
783.70
763.94
782.27
782.27
778.82
755.10
789.68
785.75
796.60
759.69
770.61
769.43
787.82
783.09
762.97
758.34
767.85
767.85
749.81
777.81
772.40
768.84
781.86
761.04
765.89
781.66
755.48
792.81
786.99
786.16
767.46
767.46
756.62
780.64
783.90
780.03
763.55
757.96
760.26
761.81
775.59
776.00
774.39
773.00
761.04
761.04
762.78
783.29
765.70
790.51
802.57
777.20
766.87
753.58
779.02
788.64
772.40
755.67
755.67
762.58
751.31
773.00
771.80
773.99
775.39
762.58
761.23
762.00
785.13
770.61
794.28
796.18
796.18
773.40
774.79
753.20
783.90
790.93
773.00
755.67
764.92
752.07
776.20
774.59
776.80
773.59
773.59
756.24
760.46
765.11
797.24
771.01
798.51
787.40
771.21
779.02
753.01
783.09
792.60
772.80
772.80
749.81
767.66
753.77
777.00
774.99
774.19
768.84
753.96
760.65
763.16
799.79
770.22
794.28
794.28
785.55
778.61
768.05
755.29
785.13
788.23
773.99
747.20
771.41
757.00
770.61
771.01
771.41
771.41
769.82
766.09
762.97
765.31
789.89
767.46
791.14
787.40
780.64
766.68
756.24
793.02
775.59
775.59
776.40
747.57
761.81
776.40
769.82
778.41
776.20
754.15
761.42
757.58
774.59
802.78
802.78
774.79
795.33
786.16
774.79
765.89
752.07
793.65
776.60
775.59
754.72
753.20
783.70
762.00
762.00
777.00
772.40
767.26
776.20
773.40
772.60
789.68
750.38
777.60
782.68
790.93
771.60
764.72
764.72
784.93
774.99
773.59
765.11
764.33
776.60
754.72
752.82
765.11
769.43
774.59
788.64
770.81
770.81
793.86
752.07
773.59
781.25
778.41
772.60
761.42
789.47
777.60
766.48
772.80
758.34
778.82
778.82
756.24
747.76
777.00
769.43
779.22
788.64
768.05
791.35
741.11
778.01
789.68
788.23
768.84
768.84
770.61
778.01
782.47
774.79
766.68
770.81
758.15
772.20
745.71
774.19
775.80
770.81
790.31
790.31
765.31
782.68
748.50
773.99
797.02
789.89
765.89
778.41
768.64
785.55
774.59
761.81
773.40
773.40
754.91
772.20
748.88
776.00
774.99
775.39
776.00
772.00
775.39
751.69
778.41
793.44
793.44
792.18
764.33
776.20
765.70
786.37
777.00
757.77
774.39
748.32
764.53
767.26
767.85
774.59
774.59
783.29
768.84
779.83
778.21
753.96
784.93
789.27
794.91
762.00
770.42
764.72
784.93
783.29
783.29
753.39
768.64
758.34
757.00
776.20
766.87
768.05
786.58
763.75
777.20
782.06
751.69
786.99
786.99
787.82
795.12
765.11
770.22
770.22
789.89
782.27
756.43
760.46
765.50
756.43
772.40
773.00
773.00
762.58
787.61
764.72
774.79
789.06
751.69
786.37
783.09
789.06
765.50
768.84
775.59
786.37
786.37
781.45
755.29
763.75
756.43
763.16
769.63
778.61
769.43
771.60
758.15
761.04
782.27
769.23
769.23
790.51
804.51
780.64
763.94
755.86
776.00
787.82
772.20
756.62
762.78
750.38
776.00
772.20
772.20
775.59
776.80
761.81
759.30
761.42
788.44
773.00
796.60
793.23
783.70
760.84
750.56
750.56
786.58
781.45
778.21
749.25
763.16
752.45
780.44
772.80
774.59
774.19
762.97
761.61
763.55
763.55
791.14
771.60
796.81
794.70
783.90
760.46
756.05
788.23
783.90
776.80
747.57
765.70
758.73
758.73
767.26
776.80
771.80
767.46
762.00
760.46
763.16
798.08
770.22
801.71
786.99
779.83
762.39
762.39
748.32
801.28
774.79
783.29
745.71
759.11
767.66
769.23
784.31
774.59
757.96
758.34
758.34
758.34
775.59
799.79
772.00
795.54
787.19
784.11
753.77
760.46
796.81
773.99
775.19
752.07
757.19
757.19
792.18
764.33
768.84
770.22
755.67
773.79
766.09
768.44
791.77
762.78
789.06
785.96
787.82
787.82
754.53
776.20
790.93
774.99
773.99
763.36
758.53
790.31
750.94
760.65
752.26
774.19
786.58
786.58
785.55
771.60
786.78
742.02
781.45
785.34
799.57
769.03
763.36
792.81
772.40
772.20
772.20
766.87
765.70
773.40
753.39
757.77
770.22
764.72
780.64
784.31
777.60
800.43
758.34
783.09
783.09
777.60
776.60
754.34
779.42
789.06
774.19
766.28
777.81
753.96
777.20
758.92
750.56
773.59
773.59
766.68
775.59
785.96
776.60
795.12
760.46
778.41
777.60
779.22
755.86
783.70
777.60
785.75
785.75
765.31
768.64
759.49
769.63
762.00
752.63
767.46
773.20
768.64
782.06
777.40
788.85
757.96
757.96
776.00
779.02
785.96
773.79
768.84
776.80
782.68
772.80
762.39
769.82
754.53
772.20
748.50
748.50
774.59
774.99
772.60
780.23
776.00
780.64
755.48
775.59
787.82
789.68
774.79
770.81
768.84
768.84
784.52
774.79
757.77
769.03
752.45
765.50
765.31
771.41
771.60
782.47
766.87
773.00
779.42
779.42
748.32
787.19
788.85
801.71
763.75
770.61
763.94
789.89
777.40
752.45
766.48
761.61
761.61
759.30
777.81
759.69
762.20
777.60
767.85
775.39
789.68
748.88
786.58
787.61
795.12
761.23
761.23
779.02
766.28
786.16
780.23
755.48
759.11
766.68
759.30
773.99
770.22
762.39
786.58
767.26
767.26
776.00
790.51
752.63
778.61
775.59
776.80
781.86
768.25
777.81
776.80
774.59
757.96
756.43
756.43
758.15
772.60
762.39
783.70
771.80
767.85
764.33
762.78
784.72
769.82
793.86
800.43
787.61
787.61
763.16
762.97
770.81
796.18
768.64
762.58
752.26
758.73
779.02
765.89
778.82
776.80
767.85
767.85
770.42
768.05
781.45
761.81
789.89
791.97
785.55
764.53
760.65
777.60
787.40
767.46
752.63
752.63
753.96
761.61
769.63
776.20
773.00
768.84
760.07
759.11
760.26
794.91
762.58
798.08
798.08
781.25
791.35
757.58
762.39
787.40
781.05
775.19
748.88
761.04
768.25
766.68
768.64
765.89
765.89
763.36
774.79
768.25
773.40
784.72
752.63
781.45
782.06
792.60
771.60
773.00
773.59
783.70
783.70
767.07
759.30
765.11
777.60
765.70
758.73
747.57
767.66
781.25
783.70
788.02
790.72
756.62
756.62
775.39
774.59
789.89
765.89
772.20
783.90
780.44
774.19
756.05
760.46
783.49
752.45
761.81
761.81
748.13
766.87
786.58
778.61
782.68
787.40
745.16
770.61
774.79
794.49
782.06
759.11
794.07
794.07
770.61
779.22
762.78
760.84
784.52
744.42
765.31
760.07
762.39
782.68
777.00
780.23
798.51
798.51
750.19
782.68
773.99
781.66
759.30
774.79
786.37
772.00
769.82
766.68
753.20
780.64
780.64
748.88
757.19
764.14
764.33
782.88
782.68
767.46
785.96
737.10
774.39
785.13
794.28
773.99
773.99
765.31
783.90
772.40
774.19
766.87
761.23
769.43
764.53
753.58
780.03
754.72
764.92
775.59
775.59
770.61
803.64
767.26
790.10
786.37
780.64
757.38
774.39
786.16
766.87
782.47
765.11
756.05
756.05
770.61
755.86
760.84
761.04
773.20
775.80
778.21
777.00
785.55
750.56
775.59
779.22
789.27
789.27
774.79
763.94
774.99
778.82
773.40
761.42
764.53
758.73
769.82
748.88
774.19
773.79
772.60
772.60
773.79
770.22
775.80
746.64
782.88
785.75
803.64
762.39
773.00
767.46
784.11
778.41
759.69
759.69
761.61
765.70
760.65
761.42
776.40
769.63
783.09
770.81
770.81
780.03
749.44
786.37
786.37
787.82
806.02
765.89
768.84
766.09
790.93
778.21
755.29
768.44
757.58
757.96
771.80
775.19
775.19
768.64
783.70
760.46
766.28
777.00
758.53
791.35
795.33
794.49
775.19
758.34
767.26
797.87
797.87
772.40
760.26
759.49
757.96
758.34
766.87
779.83
768.05
772.80
756.81
761.04
777.60
766.48
766.48
788.64
798.30
790.10
765.89
762.00
761.61
794.49
770.42
759.49
750.00
758.15
774.99
759.88
759.88
783.09
771.80
766.28
763.16
762.97
777.81
765.50
787.82
797.66
788.85
767.85
760.46
763.36
763.36
798.51
764.33
760.26
758.15
751.50
775.80
769.82
776.80
774.79
758.15
762.00
758.34
791.35
791.35
768.44
794.49
789.47
794.49
761.42
763.94
769.63
794.07
768.44
752.82
758.73
756.62
770.22
770.22
778.01
774.79
766.87
756.81
762.39
767.26
795.33
764.14
793.23
784.93
788.23
762.58
762.58
765.89
780.64
783.09
770.81
751.69
765.31
765.31
779.63
764.53
757.96
764.14
765.70
761.61
761.61
770.61
791.35
767.85
798.30
787.40
791.35
762.58
752.26
777.40
793.23
764.72
753.39
772.40
772.40
768.25
781.05
766.87
761.04
763.94
765.70
762.20
771.21
781.05
765.11
787.82
787.40
786.99
786.99
757.77
766.68
784.93
780.64
773.20
748.69
771.80
775.19
767.07
764.33
746.83
757.77
781.25
781.25
771.41
787.40
788.44
758.73
778.82
772.60
785.34
758.92
770.22
793.65
775.19
772.80
766.87
766.87
755.86
782.27
756.05
758.53
753.39
769.23
786.58
778.01
777.00
785.13
739.83
771.21
780.03
780.03
791.14
781.45
757.77
794.70
767.85
774.79
770.02
755.48
779.42
749.44
757.58
769.23
769.23
758.73
780.44
777.00
775.19
798.72
748.69
777.00
775.39
782.47
768.64
772.60
782.27
774.59
774.59
767.46
777.60
749.44
774.39
757.58
751.88
771.01
766.28
771.21
785.34
776.60
793.65
755.29
755.29
773.59
773.79
784.52
769.43
776.40
779.42
774.79
776.60
766.48
757.19
769.43
758.15
759.69
759.69
765.70
776.20
774.79
782.47
773.79
780.64
746.83
774.79
790.31
789.06
779.02
764.14
771.60
771.60
781.45
772.60
762.58
754.91
766.87
760.84
755.29
772.20
772.40
776.20
772.60
767.46
774.99
774.99
748.13
790.72
792.60
803.43
767.46
768.44
767.85
779.02
777.40
759.30
765.70
756.81
758.34
758.34
768.25
770.81
767.07
782.06
770.02
775.39
783.90
746.08
772.40
779.63
786.16
781.45
781.45
770.02
776.20
777.40
781.45
751.69
761.23
764.72
756.24
761.81
782.47
769.43
777.00
754.15
754.15
759.11
777.81
761.23
788.02
791.35
787.82
762.58
778.01
769.43
783.90
781.25
753.39
763.36
763.36
758.15
762.20
764.33
781.45
770.22
772.00
759.11
762.20
776.80
768.05
789.89
794.28
792.18
792.18
768.05
765.70
766.09
797.87
769.63
764.53
746.64
764.92
768.64
761.81
783.90
772.80
766.87
766.87
760.84
764.72
776.60
767.66
789.06
795.33
788.02
765.70
759.88
771.80
795.97
765.89
757.00
757.00
753.39
766.87
772.20
764.92
771.01
767.66
774.59
772.80
776.80
784.31
752.07
770.22
770.22
773.20
790.72
790.10
769.82
775.80
789.47
768.84
755.48
754.72
772.00
768.84
764.72
767.85
767.85
760.65
773.99
765.89
771.41
782.27
764.92
786.37
794.91
781.45
762.20
761.61
782.68
790.72
790.72
767.26
751.50
770.61
769.82
778.21
757.77
746.83
760.46
783.09
779.63
794.49
779.02
749.25
749.25
761.42
773.00
796.60
782.06
769.63
780.23
784.11
772.80
757.58
768.25
775.59
763.55
758.73
758.73
745.16
765.70
781.05
773.79
789.89
786.99
750.19
776.40
769.82
788.85
777.60
771.01
780.64
780.64
781.86
770.22
763.75
766.09
773.00
757.19
763.55
750.94
763.75
781.66
769.23
788.02
788.85
788.85
755.29
778.41
773.59
790.72
771.80
764.53
791.56
775.39
776.40
765.31
760.26
779.22
750.00
750.00
764.14
752.63
769.43
786.37
778.21
780.64
787.82
744.23
772.40
780.64
793.02
790.31
790.31
759.88
793.86
767.85
784.72
768.05
757.58
779.22
749.63
759.88
764.33
763.94
782.68
779.63
779.63
774.99
793.65
745.34
771.60
779.83
790.51
783.90
759.69
793.02
766.28
780.03
766.09
755.86
755.86
773.00
757.19
757.00
774.59
760.26
772.20
778.21
773.40
790.72
750.19
773.40
786.99
792.39
792.39
785.13
764.92
781.25
772.00
786.78
763.94
755.86
770.61
753.20
755.48
772.60
772.60
776.00
776.00
781.45
763.75
774.79
743.86
781.05
790.51
803.21
768.44
770.81
771.60
772.00
784.72
760.65
760.65
756.62
772.00
753.01
761.61
772.00
770.22
781.86
770.42
766.28
776.40
747.01
791.14
790.31
790.31
803.21
771.41
771.60
767.85
779.63
785.75
750.75
764.14
758.53
761.23
761.61
770.22
770.22
766.48
779.42
769.03
771.01
780.44
744.60
786.37
783.09
802.35
766.48
767.46
767.26
781.45
781.45
780.84
750.38
761.81
758.92
759.69
766.68
778.61
762.97
783.70
762.00
762.39
775.39
756.43
756.43
789.89
790.93
793.86
773.79
759.69
772.00
790.31
777.81
759.11
751.88
769.23
758.53
760.84
760.84
785.55
768.05
772.00
757.19
761.61
777.40
764.33
789.47
795.12
789.06
772.40
762.20
766.09
766.09
798.51
772.00
764.53
747.38
768.05
766.09
764.72
779.83
771.01
766.28
765.31
764.72
774.99
774.99
769.82
790.10
799.15
784.72
779.63
749.63
771.60
800.64
761.04
768.44
747.20
771.21
773.59
773.59
763.75
778.01
769.43
766.09
764.92
766.87
777.20
757.00
786.78
790.31
786.16
779.63
779.63
745.71
784.93
791.77
760.46
760.07
752.26
771.60
773.40
763.75
762.20
757.19
765.70
770.42
770.42
773.40
786.99
760.26
784.72
788.64
784.11
774.19
760.07
782.88
794.49
764.14
754.15
766.28
766.28
766.28
781.86
759.11
754.34
759.88
766.87
776.60
784.93
790.10
756.24
776.20
771.01
788.23
788.23
784.52
773.00
776.80
782.06
771.01
758.15
764.92
774.39
764.72
756.43
750.75
762.78
783.29
783.29
775.39
789.47
784.93
747.57
767.46
770.02
795.54
782.47
775.39
782.27
773.59
777.20
758.34
758.34
765.70
778.61
750.94
764.92
746.83
767.66
781.45
773.79
784.72
783.70
742.76
769.82
775.80
775.80
795.76
789.47
757.38
794.91
768.84
776.80
759.49
759.49
776.60
751.31
761.23
747.76
747.76
773.79
784.52
780.44
776.80
780.44
732.96
778.61
783.49
795.76
787.82
766.48
784.93
772.60
772.60
778.61
759.88
763.55
775.80
754.72
759.49
759.49
771.41
782.68
781.45
771.41
782.88
736.38
736.38
775.80
788.85
793.65
784.11
769.63
772.20
771.80
780.23
764.33
763.55
771.41
759.11
744.23
744.23
775.39
766.28
773.20
788.85
766.28
781.86
744.05
772.40
790.31
793.44
776.40
773.79
766.68
766.68
780.44
780.03
758.34
761.42
768.25
762.20
752.63
769.43
769.23
769.63
783.09
777.40
786.16
786.16
755.48
772.40
770.61
785.75
776.80
783.90
782.88
776.20
779.22
762.20
764.14
769.63
755.48
755.48
764.53
769.23
770.42
780.84
771.21
771.80
777.60
743.49
788.23
784.93
807.97
770.22
773.79
773.79
763.75
779.22
789.68
754.15
763.94
762.39
758.15
764.92
774.59
769.43
782.06
764.92
764.92
762.78
774.59
751.13
792.60
789.89
797.02
776.60
764.72
759.11
783.70
781.66
756.43
761.04
761.04
765.31
753.01
770.22
771.01
762.58
785.34
764.92
771.60
785.34
743.68
782.47
780.03
798.30
798.30
771.80
772.40
778.41
778.41
786.16
751.50
757.77
770.61
760.65
764.92
786.58
771.01
773.99
773.99
755.29
765.89
774.19
765.31
784.93
796.81
788.64
777.00
756.24
770.02
793.23
772.40
762.39
762.39
749.25
765.50
766.48
763.16
781.05
771.80
764.14
762.39
764.14
773.99
770.42
786.99
796.39
796.39
790.10
774.99
749.06
771.01
795.54
761.23
762.78
749.63
767.46
774.99
763.94
775.19
771.01
771.01
766.68
766.09
769.43
776.60
765.11
788.02
794.91
789.27
777.81
750.00
781.66
794.28
794.28
762.39
757.38
758.15
761.23
781.05
761.04
766.28
769.23
772.20
770.02
778.21
781.66
751.13
751.13
775.39
775.19
794.49
792.60
773.00
777.81
783.90
770.81
756.05
764.33
776.00
773.99
759.49
759.49
752.82
757.77
782.47
779.02
791.56
783.29
747.38
759.11
776.40
795.97
788.64
765.50
788.64
788.64
778.82
768.64
753.96
768.05
779.83
759.69
762.20
752.07
764.14
781.45
778.21
785.55
787.19
787.19
746.45
764.92
773.40
800.00
786.16
775.39
784.93
772.80
777.81
758.34
766.28
779.63
757.00
757.00
763.36
750.00
767.07
785.75
777.20
785.34
784.93
742.39
767.07
776.80
796.60
786.37
764.92
764.92
791.35
767.46
781.05
760.65
762.58
777.60
755.86
763.75
749.06
777.40
783.70
780.23
776.20
776.20
776.20
732.24
780.23
784.72
797.24
790.51
766.68
777.20
771.41
780.03
761.61
765.70
765.70
774.59
751.50
762.39
762.20
766.28
783.49
782.68
771.41
785.55
737.83
772.00
793.02
793.86
793.86
792.18
769.82
775.19
774.99
782.47
763.36
762.00
772.40
757.19
747.76
771.60
765.11
772.20
772.20
786.99
764.72
785.55
742.39
769.43
793.65
786.99
790.51
763.75
780.44
775.19
776.40
770.02
770.02
749.81
772.40
757.96
752.63
773.59
774.79
776.60
780.23
765.50
780.03
744.42
784.52
788.85
788.85
800.85
775.80
766.68
781.86
767.66
785.13
768.44
752.82
773.40
757.58
758.92
775.19
771.01
771.01
783.09
771.41
765.31
777.40
745.34
788.64
787.40
805.15
770.61
764.33
775.80
775.19
785.13
785.13
762.97
755.10
774.39
755.29
757.77
781.66
767.26
782.68
767.07
762.00
775.59
756.05
756.05
793.02
795.33
794.07
774.99
762.58
766.48
785.34
777.20
757.96
758.92
764.92
762.00
767.07
767.07
773.20
760.26
779.42
775.39
775.80
792.81
750.94
773.00
774.39
780.23
790.93
776.00
789.47
789.47
763.94
784.93
752.82
760.26
772.40
759.69
765.50
776.60
766.48
779.83
763.36
773.79
777.60
777.60
750.38
785.13
782.06
801.92
774.39
758.34
777.81
789.06
775.39
757.96
753.96
759.49
773.20
773.20
761.61
781.05
770.22
765.70
762.58
765.70
776.80
766.68
788.44
795.76
789.47
780.64
747.20
747.20
775.80
798.30
760.65
764.92
751.50
767.26
772.40
766.28
777.00
772.60
765.70
765.31
767.26
767.26
777.00
769.63
787.40
796.18
790.10
776.60
748.50
779.63
796.18
763.16
755.86
758.34
766.48
766.48
779.63
762.97
758.34
762.78
765.31
775.39
781.25
789.68
752.82
776.00
773.40
792.18
792.18
788.44
763.94
785.55
788.23
769.63
759.49
764.14
777.40
769.82
753.39
748.13
761.04
780.23
780.23
778.41
792.39
784.72
751.13
764.92
770.42
795.33
783.29
778.41
773.79
783.90
773.00
755.48
755.48
766.68
777.40
762.20
760.26
747.76
766.28
782.06
781.45
786.78
785.96
749.44
765.50
777.00
777.00
803.21
781.66
771.60
781.66
771.80
778.41
759.88
762.20
775.80
771.60
760.07
752.82
761.23
761.23
780.64
775.19
790.51
789.47
757.00
773.00
773.40
781.25
778.21
762.00
791.97
779.63
766.28
766.28
771.21
763.75
771.80
754.72
763.75
759.69
760.84
781.05
774.79
782.06
795.12
749.44
777.81
777.81
774.79
791.14
779.83
773.00
782.88
768.84
781.25
769.63
754.53
778.21
751.50
758.15
758.15
770.61
759.69
776.40
780.23
778.21
795.76
750.75
773.20
771.60
781.86
777.40
777.60
790.51
790.51
776.00
768.44
775.39
753.20
769.82
758.73
753.20
765.70
775.19
772.40
787.61
769.03
780.84
780.84
742.57
777.40
791.14
795.33
778.21
770.22
773.59
775.39
781.05
766.09
755.67
773.40
759.30
759.30
757.77
769.43
774.79
776.40
781.25
769.03
782.47
744.05
780.84
791.56
799.57
772.80
772.40
772.40
770.22
775.80
784.93
759.69
757.58
770.61
753.77
759.11
776.20
768.44
780.23
772.00
768.44
768.44
779.83
744.97
786.78
786.58
804.94
767.46
771.60
774.79
780.03
779.22
762.00
751.88
771.80
771.80
756.62
759.88
779.02
767.07
783.09
765.70
762.78
773.40
752.26
789.27
789.68
798.93
769.82
769.82
764.33
774.79
786.16
778.01
761.42
756.24
769.23
758.92
757.77
781.66
768.25
779.22
779.22
762.78
764.92
772.00
761.61
786.99
794.28
794.07
776.40
756.62
768.25
794.07
770.42
759.69
759.69
753.58
760.84
769.82
757.77
783.09
766.87
772.80
769.03
765.11
776.60
762.78
787.61
794.70
794.70
794.70
779.42
749.63
772.80
795.33
764.53
764.92
748.32
769.82
777.81
760.26
782.68
767.26
767.26
773.00
775.39
768.64
782.68
752.45
777.81
782.27
793.65
781.86
758.15
790.10
778.61
776.60
776.60
754.91
749.81
774.79
772.60
763.16
775.80
763.55
773.59
776.60
776.80
786.37
753.20
770.81
770.81
771.21
784.72
791.77
766.28
776.80
787.61
770.42
757.38
758.92
772.80
782.88
760.07
760.46
760.46
761.81
762.97
767.85
775.80
783.49
766.09
785.55
790.93
789.89
777.00
750.19
785.55
799.36
799.36
758.92
761.81
765.11
771.41
784.52
757.58
755.10
757.77
770.42
778.01
788.85
793.23
793.23
759.69
779.42
777.60
781.45
769.63
759.69
794.07
785.96
768.64
753.01
769.03
773.79
769.23
769.23
760.07
742.02
765.70
782.06
778.41
789.47
781.86
746.08
766.28
778.21
801.07
788.02
758.53
758.53
791.77
773.79
779.42
754.72
764.53
779.63
757.00
760.65
745.34
768.05
783.09
777.81
781.66
781.66
781.05
740.92
768.64
779.63
798.30
791.56
760.84
789.47
768.05
781.45
760.65
761.81
780.23
780.23
754.72
764.92
751.50
772.20
783.70
781.25
778.61
780.23
734.57
776.40
782.06
795.76
793.86
793.86
761.81
781.66
768.25
782.47
764.92
764.53
778.41
749.81
757.77
764.92
764.33
780.64
785.55
785.55
770.61
789.47
739.10
770.42
786.58
790.72
794.28
764.33
776.00
771.60
784.31
764.33
764.33
758.15
772.80
757.96
752.45
774.79
768.44
771.01
791.35
768.84
788.02
747.76
769.82
781.25
781.25
790.93
786.37
762.39
787.61
764.53
786.99
767.46
753.77
773.40
760.07
754.72
773.79
770.42
770.42
771.80
784.52
765.70
781.05
744.97
774.99
788.85
794.07
783.29
765.70
770.42
773.40
784.11
784.11
762.78
755.86
769.63
760.26
755.48
778.61
767.26
776.60
777.60
772.20
780.64
749.63
775.19
775.19
789.47
794.28
783.09
767.66
774.99
777.60
784.93
761.81
753.77
773.79
759.11
759.49
781.45
781.45
766.28
783.29
767.85
765.31
775.80
754.53
790.31
793.23
798.93
774.39
763.36
765.50
782.27
782.27
781.66
755.67
763.55
764.92
755.67
767.85
780.44
765.89
780.23
761.23
768.44
774.19
760.84
760.84
785.96
792.18
801.07
778.01
757.00
772.40
783.49
774.39
760.07
757.00
762.58
762.39
762.39
766.48
784.11
767.07
775.39
762.20
767.46
777.60
761.04
786.78
789.47
800.21
780.64
750.00
750.00
780.03
780.64
777.40
760.46
751.50
765.11
765.11
767.85
783.09
770.02
765.31
763.16
762.00
762.00
783.29
766.87
788.64
795.54
794.91
779.63
750.00
772.80
789.68
767.66
763.16
753.58
760.26
760.26
773.79
771.01
782.68
768.05
760.46
758.73
761.81
794.28
764.33
793.44
786.99
794.70
772.80
772.80
753.96
782.27
790.10
767.66
756.62
761.23
763.16
788.23
761.61
759.69
767.66
762.78
768.25
768.25
775.19
782.06
771.41
786.78
791.77
790.10
773.00
747.76
783.09
790.93
763.16
760.84
763.36
763.36
773.79
780.64
756.43
753.96
753.77
778.21
779.02
793.44
783.90
753.77
762.58
772.60
789.27
789.27
784.31
772.20
783.29
787.40
775.19
756.43
772.00
776.00
764.33
760.07
740.38
776.20
776.20
776.80
778.21
795.97
780.03
749.63
764.14
772.40
797.45
782.06
778.01
780.03
776.60
776.40
776.40
759.69
770.42
779.22
755.48
766.68
742.94
775.39
780.64
773.79
794.49
780.03
746.45
770.81
770.81
771.01
803.43
774.99
779.22
783.70
773.59
781.05
762.00
764.72
773.99
756.05
765.89
748.13
748.13
773.59
783.29
776.80
783.09
776.80
735.84
775.59
780.84
794.70
797.87
764.53
781.25
768.44
768.44
777.20
770.42
757.96
778.01
754.34
750.75
774.59
764.72
778.61
786.37
771.41
786.78
742.21
742.21
770.22
786.16
789.47
797.24
767.07
776.20
774.79
781.66
766.09
760.65
772.20
760.65
749.81
749.81
773.40
771.21
773.00
788.02
765.89
781.45
742.94
774.19
788.23
791.97
791.97
770.22
765.50
765.50
774.79
784.72
758.53
759.69
766.09
757.19
754.91
771.80
772.60
771.41
782.27
766.48
766.48
780.03
746.64
775.59
790.10
794.70
788.64
771.21
769.03
775.59
788.85
762.00
756.05
773.99
773.99
753.77
761.23
777.40
768.25
781.05
772.60
770.22
781.66
745.53
784.11
785.96
803.00
780.84
780.84
772.40
765.50
773.20
791.77
753.01
755.67
773.00
758.53
762.20
775.39
759.30
775.59
776.40
776.40
777.20
791.35
752.26
772.00
771.80
783.09
787.40
787.19
782.68
774.19
780.44
760.26
752.63
752.63
769.63
766.48
766.48
769.82
766.09
775.19
775.39
780.84
792.60
751.88
774.79
769.03
778.82
778.82
788.23
779.22
786.37
769.03
783.90
754.53
748.69
772.00
771.01
764.53
767.85
762.97
769.43
769.43
770.61
774.79
785.13
752.63
787.40
781.86
796.60
780.64
759.30
781.45
782.88
780.84
753.96
753.96
749.06
783.09
775.59
772.00
773.59
761.81
762.20
762.58
765.89
779.63
769.43
789.68
789.68
796.81
786.37
780.64
762.20
762.78
791.56
772.40
759.69
752.63
767.66
780.64
762.00
762.00
762.00
762.97
762.39
771.21
781.45
789.06
755.10
773.99
772.00
789.68
789.68
781.25
783.90
784.93
784.93
771.41
763.55
758.73
762.00
793.44
748.69
764.53
760.84
758.34
783.09
781.45
795.12
761.04
761.04
773.79
775.39
779.22
776.40
774.79
787.82
789.06
774.19
754.53
768.84
771.21
775.59
750.94
750.94
743.49
772.80
770.61
780.64
794.07
780.23
752.45
764.53
765.31
791.56
782.68
787.19
781.05
781.05
780.64
769.63
768.05
761.61
768.44
771.41
751.13
745.34
774.39
773.59
778.82
793.86
779.83
779.83
750.38
766.28
769.03
794.91
781.45
786.99
784.11
777.60
774.79
767.26
763.16
771.60
763.75
763.75
757.38
745.34
776.80
778.41
776.20
788.64
775.39
747.20
765.89
778.61
797.45
790.10
790.10
769.82
793.65
764.14
778.61
768.64
754.53
776.00
766.09
755.67
750.75
774.19
781.66
782.06
782.06
774.59
774.79
739.64
773.00
787.40
793.02
789.89
772.20
787.40
771.01
776.60
775.19
757.96
757.96
774.39
757.19
752.07
762.97
770.61
780.84
783.90
770.02
783.29
740.01
769.03
787.40
785.75
785.75
795.76
769.03
788.23
767.46
780.64
771.80
755.10
767.85
760.65
761.42
765.70
769.82
772.80
772.80
780.44
780.64
793.44
755.67
770.42
767.46
770.81
773.99
791.35
795.97
781.25
774.79
766.09
766.09
760.84
763.16
757.96
763.94
765.11
781.86
781.25
769.23
763.94
777.00
744.60
785.34
785.96
785.96
791.56
779.63
780.23
779.63
771.41
784.72
765.11
757.58
762.58
765.11
763.94
763.16
763.16
774.19
773.20
776.60
773.59
784.72
744.60
770.81
779.63
781.66
786.99
776.60
783.09
778.61
778.61
780.44
761.23
749.63
772.80
758.53
761.23
782.06
767.85
781.25
764.33
765.50
775.19
759.88
759.88
789.47
788.44
790.51
773.20
772.00
777.60
776.60
785.55
753.58
760.84
762.00
776.40
771.60
771.60
772.80
767.26
764.72
758.53
762.39
781.66
763.94
785.55
784.93
788.23
777.81
778.21
778.82
778.82
781.66
778.01
762.58
758.73
760.46
774.39
758.73
780.03
768.25
774.39
774.79
773.79
790.10
790.10
754.91
767.26
767.26
774.19
786.58
782.47
792.81
778.82
779.83
756.62
750.56
774.79
776.20
776.20
762.39
762.78
766.87
765.11
767.07
771.80
781.05
758.53
785.13
783.90
785.96
776.80
765.70
765.70
775.19
798.51
771.01
766.48
749.25
761.81
780.84
750.75
777.00
759.30
770.02
777.40
777.40
767.85
789.06
751.13
767.85
771.01
787.61
782.88
785.75
775.80
798.51
771.41
765.11
761.23
761.23
763.36
787.61
745.71
764.53
749.81
768.44
784.93
782.06
793.23
752.26
765.31
767.85
777.40
777.40
780.23
780.23
788.02
794.28
763.75
770.81
758.92
762.20
789.27
745.53
764.72
756.62
762.78
762.78
781.05
780.23
793.86
758.73
773.00
774.19
777.00
767.07
771.80
784.93
802.57
782.47
747.38
747.38
770.02
764.14
777.40
754.72
747.57
761.42
779.83
773.20
790.31
777.60
746.64
760.46
772.20
772.20
798.30
783.09
779.83
786.58
781.66
771.01
767.85
762.00
774.99
763.16
757.00
749.81
772.00
772.00
784.93
777.60
783.49
776.00
745.34
766.48
780.44
794.07
788.64
767.66
789.27
779.42
771.01
771.01
775.59
753.58
781.66
751.31
757.96
753.01
764.14
783.49
779.02
776.40
781.86
741.47
741.47
764.53
788.02
786.58
792.39
768.25
785.55
782.88
771.80
777.81
751.88
784.31
753.58
754.34
754.34
764.72
764.14
782.47
785.34
766.28
781.66
740.01
768.44
791.97
785.55
785.75
770.02
781.25
781.25
780.44
774.19
773.20
754.15
775.19
758.15
746.83
767.07
768.44
775.39
784.93
764.53
781.66
781.66
743.49
768.84
788.23
2702.70
1104.57
783.49
773.40
778.61
784.11
776.40
773.79
752.26
773.99
759.11
759.11
755.48
767.46
770.42
770.42
782.88
773.20
787.40
756.81
768.64
766.68
772.00
767.85
789.68
789.68
797.45
775.59
790.31
761.61
769.03
749.44
778.21
754.53
757.96
787.61
776.40
770.42
765.31
765.31
772.80
752.26
785.13
788.44
791.35
771.01
771.60
783.29
782.88
784.72
753.96
761.81
761.81
760.07
771.41
763.55
771.80
760.46
767.26
768.64
774.59
789.89
758.92
773.40
777.40
779.02
779.02
772.80
776.40
789.27
791.14
781.66
753.20
763.16
756.05
772.60
767.07
767.66
761.81
767.46
767.46
766.87
781.05
792.18
761.61
774.59
770.42
773.79
770.22
782.27
793.65
787.82
787.61
749.44
749.44
758.15
767.07
776.80
764.53
763.16
767.26
766.09
767.46
776.80
784.72
753.96
787.61
778.82
778.82
787.40
776.60
774.39
776.00
791.56
781.25
762.58
747.20
773.99
760.65
766.28
784.93
774.79
774.79
761.04
757.96
763.55
785.96
765.31
782.68
784.52
780.44
770.81
769.03
785.55
791.77
781.25
781.25
758.15
750.00
767.66
767.85
766.87
774.99
776.00
766.48
762.97
767.85
777.81
767.46
785.34
785.34
784.72
780.03
773.20
770.61
784.52
793.02
778.01
761.04
756.62
769.23
775.80
761.42
761.42
759.69
766.68
767.66
777.00
782.06
794.49
757.38
777.81
769.82
774.99
765.50
769.23
793.44
793.44
800.85
774.79
752.07
762.58
757.19
782.88
761.61
769.23
775.59
771.41
771.60
780.64
785.75
785.75
753.01
770.22
763.55
774.79
775.59
776.60
795.97
801.71
773.00
766.48
767.26
766.09
783.49
783.49
753.01
753.39
762.20
776.40
774.39
789.06
790.31
759.11
776.00
766.48
771.01
761.23
768.64
768.64
805.80
792.39
780.23
755.10
762.78
775.80
777.40
766.87
763.94
763.94
771.01
764.92
774.19
774.19
784.52
745.71
766.68
784.31
789.47
789.47
766.09
784.93
780.23
781.05
777.40
757.38
779.83
779.83
753.77
758.53
758.73
766.48
784.52
782.47
773.40
781.66
741.29
767.66
788.64
786.99
785.55
785.55
766.28
780.64
781.25
782.47
780.03
754.53
776.80
755.10
757.00
764.92
766.48
778.41
778.41
785.34
772.00
780.23
744.60
765.11
788.23
787.40
784.93
766.28
780.44
776.40
785.75
775.59
775.59
751.31
775.59
755.67
756.62
770.22
765.70
773.79
786.99
776.80
792.81
755.86
768.05
765.70
765.70
767.46
766.87
787.40
795.54
779.83
776.40
768.44
765.11
778.01
769.23
765.31
762.20
759.30
759.30
763.94
763.16
777.20
797.87
759.88
779.42
776.00
776.80
771.41
772.60
784.72
791.35
790.31
790.31
769.63
751.50
773.79
755.48
764.33
770.02
769.63
778.41
778.01
772.80
787.61
747.94
769.43
769.43
766.87
773.79
777.20
784.31
800.00
772.00
789.89
766.48
761.81
772.80
758.34
761.42
772.60
772.60
772.80
780.44
766.87
767.26
774.59
748.88
788.02
779.42
791.35
761.81
768.64
776.20
797.87
797.87
792.39
766.48
758.92
761.81
756.43
767.85
773.20
772.60
785.34
761.04
768.05
778.21
778.21
753.58
791.97
782.27
780.64
771.01
761.23
778.61
797.24
785.55
758.15
748.50
766.87
762.97
762.97
758.92
783.90
769.03
776.60
765.89
760.65
776.60
756.81
785.75
782.68
782.88
772.00
771.60
771.60
782.68
786.37
787.61
753.77
755.86
765.70
761.04
769.23
779.83
773.59
768.64
761.61
761.81
761.81
777.81
765.11
785.13
785.34
776.20
773.20
769.82
785.13
789.89
781.86
757.58
749.44
772.60
772.60
762.58
771.21
781.25
773.20
762.97
763.55
759.88
786.99
768.84
783.49
781.86
781.66
768.64
768.64
767.85
778.21
790.10
784.52
759.49
757.96
760.65
769.63
773.79
776.80
769.03
757.77
763.75
763.75
758.73
797.87
765.31
784.52
779.63
783.29
768.84
763.94
776.80
790.31
780.64
757.58
762.20
762.20
755.10
777.00
776.80
778.61
762.78
754.15
761.61
768.84
792.39
768.84
780.84
779.83
779.83
784.93
771.60
769.63
778.21
787.19
778.41
767.26
760.26
772.60
767.07
761.42
764.14
756.81
756.81
782.06
783.09
783.70
783.90
747.76
761.04
767.26
791.35
773.59
783.49
785.55
782.06
777.20
777.20
770.02
768.44
782.68
755.48
764.14
747.57
768.44
784.72
779.22
780.23
779.42
741.66
763.94
763.94
778.41
785.96
789.47
762.78
786.16
778.82
775.80
777.40
767.85
782.27
749.06
756.62
761.81
761.81
764.14
781.66
784.93
773.59
790.31
743.68
766.48
773.20
787.19
780.23
777.40
793.86
782.68
782.68
772.20
774.79
763.55
782.47
753.77
757.19
761.04
770.81
785.55
781.66
764.72
783.29
733.14
733.14
773.79
789.06
784.72
776.00
768.84
774.19
785.75
778.82
780.64
762.20
766.87
763.94
748.32
748.32
771.01
770.02
772.20
791.77
767.46
783.49
750.56
762.20
776.40
781.66
776.20
774.99
774.99
791.97
787.40
782.27
772.80
750.19
777.60
753.20
764.14
769.23
773.40
779.02
776.80
769.23
769.23
780.23
744.05
781.45
787.82
792.60
766.28
773.59
773.59
788.44
786.78
765.11
764.53
758.92
758.92
769.63
758.73
764.14
776.00
774.59
779.63
774.79
782.68
751.69
767.46
770.22
773.79
773.20
773.20
781.45
797.66
780.44
784.31
766.09
767.26
781.86
770.22
763.55
761.42
756.24
758.15
771.01
771.01
788.85
796.60
763.36
775.39
768.25
772.60
762.58
775.39
788.23
795.33
781.86
766.28
755.67
755.67
765.11
766.87
762.00
779.02
774.59
775.59
761.23
769.82
768.64
761.42
785.55
783.49
780.23
780.23
767.46
763.36
777.60
797.45
791.97
766.68
761.42
767.07
757.38
765.50
778.01
768.84
783.09
783.09
762.78
767.85
780.03
749.25
786.78
775.39
786.37
776.60
772.00
774.99
783.29
785.75
785.75
761.04
764.92
765.11
763.36
765.31
782.47
773.40
765.11
759.49
761.04
780.64
765.50
784.31
784.31
781.45
781.25
770.61
769.23
779.42
781.66
787.40
760.65
764.72
765.89
765.70
766.48
781.45
781.45
772.40
762.78
762.78
757.19
790.93
765.70
783.29
780.84
783.09
772.40
760.84
773.59
788.44
788.44
785.55
760.46
766.68
758.73
765.70
775.59
778.41
769.82
761.42
766.09
755.48
792.81
769.03
769.03
782.06
778.61
774.39
761.61
764.92
786.99
803.00
777.20
754.53
767.85
752.26
780.23
772.80
772.80
776.00
770.61
758.34
762.58
760.84
793.02
767.26
785.34
774.19
779.02
762.00
767.66
785.55
785.55
797.02
779.42
758.73
761.04
759.11
781.45
775.59
781.05
754.91
757.58
758.73
771.80
798.30
798.30
762.58
784.72
775.80
780.23
769.43
772.20
787.19
786.16
780.03
762.20
765.11
772.20
772.20
776.80
759.49
757.00
757.77
772.60
770.81
782.47
788.44
750.00
771.21
768.44
789.06
775.59
775.59
776.40
786.99
781.86
779.42
763.75
766.48
776.00
773.40
762.78
756.81
758.34
764.14
761.23
761.23
776.20
803.86
762.20
779.83
766.87
767.07
759.49
781.05
797.45
794.70
761.61
770.02
762.58
762.58
772.20
781.05
762.20
768.84
762.39
763.75
767.66
771.80
801.71
761.42
780.44
774.19
778.01
778.01
769.23
771.01
783.49
783.49
783.90
773.99
765.70
775.59
755.29
753.58
773.00
772.60
774.99
774.99
788.85
768.05
783.70
745.90
766.28
789.06
782.88
781.66
767.66
777.20
782.88
784.52
775.80
775.80
760.65
768.05
760.84
751.69
774.79
773.79
776.60
780.23
769.23
776.80
744.97
775.19
784.31
784.31
791.56
760.07
772.00
773.00
786.99
793.44
771.60
765.70
759.49
766.09
758.34
768.05
768.05
776.80
778.82
768.44
768.64
773.00
744.23
790.51
779.63
795.12
753.58
767.07
774.39
793.44
793.44
797.02
767.85
770.22
756.24
767.26
766.68
769.63
771.01
780.84
772.00
773.40
782.88
745.90
745.90
767.66
773.59
774.19
772.40
779.22
790.10
782.47
778.41
761.04
762.39
775.19
766.09
762.58
762.58
772.00
767.85
775.19
775.59
779.42
788.64
750.75
769.43
761.42
769.23
780.03
778.61
789.89
789.89
770.42
776.40
758.15
757.38
781.25
771.01
769.23
769.82
761.23
766.28
768.84
771.01
781.25
781.25
749.44
785.34
777.81
786.99
772.00
769.43
773.79
781.05
784.11
766.87
763.36
767.66
764.14
764.14
762.00
778.61
770.42
770.22
764.14
766.87
774.99
765.89
782.88
785.75
774.79
771.01
771.01
766.09
780.44
788.64
789.68
757.00
760.26
760.26
770.02
772.00
778.21
775.80
764.72
766.87
766.87
763.94
779.02
768.25
779.83
783.70
783.09
774.59
763.75
772.20
787.61
788.44
763.75
769.23
769.23
762.20
767.26
769.43
776.80
770.22
767.46
766.68
765.11
778.41
759.69
775.19
777.81
777.40
777.40
768.64
770.42
781.25
793.65
783.90
757.19
764.53
755.86
778.61
779.02
778.41
763.55
755.10
755.10
759.88
766.28
798.51
762.20
779.42
777.00
778.82
768.25
770.61
781.66
784.72
781.05
764.92
764.92
767.46
775.80
774.79
767.85
764.14
760.07
765.89
764.72
769.63
793.86
764.33
785.96
778.21
778.21
785.13
765.31
758.34
776.60
782.68
780.44
775.19
763.75
772.20
779.02
763.94
763.36
761.42
761.42
764.92
766.28
769.23
795.33
763.16
784.52
777.81
783.70
765.50
761.23
779.02
784.31
784.31
780.44
776.80
769.23
776.40
769.03
761.04
754.91
762.39
778.01
777.00
783.29
792.81
751.50
751.50
772.00
766.09
767.26
758.73
775.59
795.76
793.86
763.16
765.70
757.38
768.64
787.40
769.43
769.43
773.79
758.34
757.77
759.88
781.66
800.21
768.84
770.22
769.23
766.68
757.00
782.88
795.33
795.33
791.56
765.70
765.31
757.96
773.00
792.60
776.60
760.65
750.94
755.48
768.44
784.31
797.66
797.66
763.16
774.99
776.20
772.60
766.87
769.03
778.41
783.49
788.85
772.00
772.40
766.87
766.48
766.48
750.00
776.60
770.61
775.39
780.64
773.59
780.64
747.94
769.03
784.52
787.61
768.64
769.43
769.43
772.60
781.25
789.47
773.99
764.72
766.68
760.65
754.91
771.60
774.59
778.61
770.42
768.25
768.25
774.39
742.02
785.55
774.99
793.23
760.46
765.50
779.42
779.83
793.23
772.60
762.58
762.58
763.36
762.97
760.46
771.41
771.01
778.41
770.61
778.61
780.64
747.94
766.68
767.66
772.00
772.00
778.41
779.63
795.12
770.81
778.21
757.77
761.04
789.06
775.19
772.20
765.70
756.62
758.73
758.73
769.23
785.55
792.60
760.46
776.00
767.07
774.39
763.16
770.61
781.25
793.86
792.81
759.49
759.49
765.70
758.73
765.31
768.25
783.70
772.40
774.39
760.26
764.72
775.39
764.92
782.06
786.99
786.99
767.46
764.92
759.88
774.39
802.35
790.51
767.07
752.63
764.14
769.23
765.31
784.52
773.20
773.20
764.33
763.55
757.77
780.64
768.64
779.63
783.90
779.22
766.09
770.61
778.21
781.66
780.84
780.84
764.14
765.70
767.46
772.20
762.20
768.25
763.55
771.60
768.64
773.00
783.70
757.77
757.77
780.84
780.44
778.41
774.59
769.82
781.66
783.90
776.60
763.75
767.85
774.79
780.23
766.87
766.87
764.14
762.00
765.89
765.70
770.02
785.13
768.25
783.70
778.82
771.41
759.49
762.20
786.99
786.99
803.21
785.96
758.73
763.94
754.53
775.39
778.61
775.19
767.46
760.26
758.15
762.00
801.71
801.71
760.84
788.85
772.20
778.61
766.48
763.94
780.03
787.19
781.05
773.40
766.09
774.39
768.05
768.05
759.69
757.38
754.15
780.64
779.02
789.06
784.93
748.69
764.33
769.43
791.56
777.81
766.87
766.87
779.83
770.42
777.00
773.59
774.99
778.41
764.53
757.19
758.34
763.75
781.25
782.88
779.83
779.83
782.27
744.79
758.73
774.99
789.06
782.88
756.43
784.72
770.81
776.20
780.64
774.99
772.20
772.20
757.38
755.48
762.39
761.23
778.01
783.29
773.99
788.02
745.71
762.00
785.55
789.06
789.06
782.06
758.92
781.45
776.00
780.64
781.86
777.20
763.16
766.09
750.75
767.85
769.82
773.59
773.59
791.35
764.72
776.80
742.76
768.64
787.40
790.93
761.23
771.21
768.84
782.27
785.55
775.80
775.80
780.44
766.28
767.26
754.34
761.81
778.01
780.23
780.23
764.53
779.83
738.19
776.80
783.70
783.70
790.93
762.78
769.63
771.80
776.00
789.27
774.39
776.40
762.39
763.75
754.91
768.64
773.40
773.40
778.21
774.99
768.44
776.20
738.73
783.49
782.06
795.12
749.63
768.64
772.40
784.11
792.81
792.81
776.80
766.28
766.48
764.92
754.53
774.39
770.81
779.22
770.42
770.42
777.40
742.57
786.78
786.78
780.64
796.39
750.19
767.07
771.41
787.40
804.29
776.40
756.62
763.36
759.49
765.31
765.31
770.42
767.66
782.88
769.43
769.03
784.52
741.66
790.10
781.05
786.37
756.62
759.69
777.60
777.60
794.70
800.00
777.81
747.76
767.85
763.36
762.97
780.03
766.68
781.45
769.23
761.04
782.68
782.68
745.34
784.11
780.44
779.63
764.33
758.73
773.20
792.60
795.12
773.99
747.57
771.01
757.19
757.19
769.03
782.06
764.72
778.61
769.82
762.78
785.13
752.45
785.13
785.13
773.79
770.02
762.58
762.58
774.59
796.60
792.18
772.20
750.19
770.22
756.43
774.19
777.40
765.31
777.00
768.44
764.33
764.33
784.31
748.88
780.44
779.02
784.11
773.20
771.41
776.40
780.03
776.20
762.58
767.26
781.05
781.05
776.20
771.80
771.21
759.49
759.11
758.73
764.92
787.40
769.03
781.05
782.88
777.00
767.07
767.07
769.82
779.22
782.06
776.80
762.39
765.31
775.19
774.19
768.64
767.07
761.04
767.07
767.07
767.07
769.63
781.66
766.68
779.63
783.70
775.59
767.66
769.63
779.02
781.66
780.03
762.20
762.20
768.44
777.00
773.40
767.85
768.25
761.04
765.70
766.87
770.02
787.19
766.48
780.23
778.21
778.21
781.86
767.26
763.16
774.19
778.82
780.84
766.87
766.68
771.41
772.20
767.46
769.82
763.55
763.55
768.84
770.81
771.01
786.37
763.36
776.00
778.21
778.41
767.46
770.22
780.03
780.23
777.40
777.40
765.11
772.60
777.40
779.63
767.07
771.60
760.46
763.16
765.70
767.66
794.28
764.14
785.55
785.55
774.39
783.70
768.84
764.72
777.81
777.20
779.63
774.19
777.60
776.00
770.61
759.88
759.11
759.11
765.11
781.66
782.27
775.19
777.60
742.57
772.00
781.86
791.14
771.80
766.09
775.59
778.01
778.01
783.49
779.83
784.11
764.14
762.39
756.62
761.81
768.84
777.81
786.78
763.75
777.40
777.40
738.19
775.59
783.90
789.06
765.50
770.22
773.40
776.00
786.58
776.20
777.81
759.69
765.11
765.11
759.30
764.92
766.48
773.59
776.60
780.03
787.40
751.69
766.48
768.25
778.01
769.63
771.01
771.01
789.27
789.27
785.34
770.42
762.39
766.68
764.53
749.25
775.59
768.64
773.99
781.25
771.41
771.41
781.45
747.94
766.68
781.86
782.68
771.60
769.23
774.39
779.42
778.01
772.60
777.20
765.11
765.11
771.80
758.15
760.84
776.60
773.99
780.44
776.40
786.37
768.05
749.63
774.99
778.01
775.39
775.39
770.61
781.86
785.96
780.23
769.23
772.60
773.99
779.02
764.53
759.88
756.62
755.67
770.81
770.81
791.14
796.81
754.91
767.85
757.77
769.82
777.20
779.83
785.34
774.99
774.59
762.97
763.55
763.55
777.60
779.63
769.63
772.60
764.14
765.89
772.40
773.59
783.09
746.64
784.72
777.20
777.20
787.19
758.15
767.07
772.80
781.05
793.02
770.22
756.81
767.46
757.96
770.81
782.06
769.23
769.23
773.79
761.23
763.16
776.20
758.73
781.86
787.19
763.16
765.31
757.96
771.60
801.07
793.44
793.44
763.75
754.15
769.63
769.63
761.81
776.20
766.28
772.20
777.00
770.61
787.40
749.81
765.70
765.70
766.09
781.66
775.80
783.29
772.40
780.03
771.60
759.69
785.34
779.63
778.01
752.63
762.97
762.97
749.06
773.79
780.64
778.01
796.60
756.81
766.48
768.25
772.20
775.39
775.59
784.31
782.68
782.68
775.39
763.16
770.42
778.82
782.27
769.82
770.02
759.88
757.77
760.65
766.48
791.56
766.28
766.28
781.86
778.61
783.70
768.25
762.78
772.40
780.64
781.86
770.61
768.25
771.21
775.39
775.39
765.70
764.72
758.73
763.94
773.00
775.19
787.61
757.00
774.79
775.80
776.40
772.60
772.60
772.60
783.49
785.34
780.64
765.89
769.03
774.59
776.40
765.31
767.85
761.23
770.22
777.60
780.23
780.23
789.68
753.96
769.23
771.60
790.72
777.40
758.53
781.66
772.00
778.21
775.59
772.40
780.44
780.44
766.68
757.38
753.01
767.85
780.84
782.47
777.81
779.83
742.02
766.87
777.40
785.55
779.22
779.22
766.48
777.81
777.81
774.39
779.63
781.05
771.41
763.16
759.88
757.19
769.23
783.29
782.27
782.27
772.40
780.84
738.73
773.20
780.23
784.11
772.40
763.75
771.21
775.59
781.86
781.66
780.64
780.64
765.50
763.55
758.92
760.07
768.64
778.21
782.68
770.22
788.64
741.84
768.44
787.19
783.09
783.09
770.02
762.20
767.66
781.25
784.72
776.20
779.63
769.23
768.44
759.30
756.43
772.00
772.00
776.80
782.27
776.80
791.56
750.00
766.28
767.66
775.39
765.31
772.40
788.44
788.02
783.90
783.90
769.82
768.05
768.05
769.63
760.07
761.04
768.05
773.59
778.01
780.03
790.72
753.39
768.64
768.64
767.26
776.20
767.66
777.40
788.64
789.68
775.80
764.92
762.20
769.23
783.70
772.40
770.22
770.22
760.26
763.16
764.33
780.84
795.12
762.20
775.19
772.80
774.79
765.31
766.28
776.60
779.63
779.63
786.16
773.79
771.60
772.40
772.40
763.94
764.53
757.19
762.97
766.28
788.85
795.76
762.39
762.39
772.80
768.44
772.40
762.58
773.59
782.68
789.89
782.88
766.87
769.23
769.63
772.40
763.75
763.75
763.55
757.19
761.23
768.25
785.55
792.81
760.26
775.19
768.25
773.40
763.94
767.66
780.23
780.23
785.75
785.96
771.80
772.00
773.59
774.39
761.81
760.65
753.20
758.92
787.40
784.93
784.93
802.78
746.45
764.92
760.07
780.44
776.60
782.27
773.20
781.05
769.63
758.73
776.80
780.23
780.23
787.19
756.05
756.81
749.06
776.00
783.29
783.90
801.50
752.07
770.22
766.68
768.05
774.79
774.79
771.80
790.31
782.06
778.21
766.87
764.53
770.02
772.40
762.20
762.58
756.81
763.94
784.52
784.52
781.86
796.39
752.63
767.85
762.78
777.40
779.02
777.00
774.19
782.27
769.43
764.14
782.47
782.47
778.41
775.80
761.42
757.77
748.88
774.99
781.45
784.11
789.27
753.01
764.33
761.81
787.19
787.19
777.00
774.39
773.59
774.79
772.40
766.87
778.01
778.21
774.39
768.84
762.78
754.53
766.28
766.28
764.92
766.87
797.24
763.75
788.44
772.40
775.39
765.70
761.61
779.63
792.39
787.82
787.82
765.11
763.75
761.42
774.39
778.41
775.39
764.72
758.53
761.23
765.31
799.36
761.04
783.49
783.49
770.02
773.99
766.09
762.00
778.01
786.37
780.44
773.99
768.84
771.60
776.40
766.28
766.28
766.28
761.61
763.36
764.92
768.64
802.78
762.39
786.37
763.16
773.40
760.84
766.87
795.54
791.56
791.56
780.44
763.55
754.91
763.55
790.10
772.80
775.39
753.20
757.19
753.39
783.90
795.54
763.55
763.55
778.82
774.79
776.00
765.31
763.55
781.86
780.03
784.11
767.07
770.42
774.19
776.60
768.64
768.64
767.26
760.84
766.09
765.89
773.20
803.21
760.26
785.34
776.60
778.41
769.03
762.58
775.80
775.80
776.80
782.88
782.68
777.81
766.09
767.66
750.56
771.41
771.41
774.39
784.11
774.59
788.85
788.85
750.19
763.94
777.60
781.66
773.79
763.16
775.59
774.39
779.83
779.63
773.40
767.46
767.46
767.07
752.07
764.92
777.81
775.19
779.83
765.70
781.66
743.13
778.01
780.44
791.97
752.63
752.63
766.68
771.01
782.88
797.02
778.01
766.87
767.46
764.14
749.63
780.44
767.85
776.60
777.60
777.60
775.59
783.29
749.25
769.82
780.23
782.47
773.20
771.21
778.41
779.22
775.59
763.16
762.97
762.97
782.88
784.31
770.42
758.92
756.62
753.01
784.31
787.40
798.93
759.88
773.20
765.70
769.63
769.63
763.55
778.82
786.78
783.09
781.05
759.30
760.07
781.25
779.63
773.20
764.72
755.10
757.38
757.38
770.22
789.47
796.18
760.84
776.80
768.64
774.19
764.14
762.20
776.20
788.85
797.02
767.26
767.26
761.42
767.66
763.55
767.85
779.63
766.87
779.22
771.01
771.21
785.13
750.19
785.34
779.83
779.83
779.42
760.26
761.42
773.20
790.51
796.39
766.87
753.96
771.41
763.94
765.50
784.72
784.72
769.63
768.64
765.31
762.20
780.84
766.87
782.68
788.02
765.11
762.78
761.04
773.99
801.28
801.28
791.56
760.65
756.05
766.87
773.40
763.16
776.80
767.85
769.82
776.80
772.20
786.78
751.50
751.50
768.44
766.28
785.13
775.39
780.44
771.60
781.05
772.40
757.58
785.34
780.23
776.00
755.86
755.86
757.96
755.10
774.79
783.90
780.84
796.39
759.11
769.43
769.43
771.21
769.03
769.43
783.70
783.70
782.27
784.11
768.84
772.00
774.39
774.59
766.28
766.09
760.46
765.50
765.31
768.64
791.14
791.14
766.87
785.55
764.72
773.00
755.29
765.31
788.44
793.86
791.56
759.11
763.75
763.55
772.40
772.40
779.02
779.22
759.49
757.19
759.30
769.43
798.30
762.39
779.42
777.00
777.00
767.26
766.48
766.48
778.01
779.83
779.42
766.48
777.20
779.22
773.99
760.46
759.88
755.67
773.99
774.39
774.39
784.72
790.72
756.81
769.43
765.70
779.83
768.25
774.59
783.49
780.44
781.86
767.26
766.28
766.28
771.60
771.80
762.78
763.94
757.00
766.87
767.66
773.00
798.93
762.58
782.88
766.68
773.40
773.40
763.16
762.00
783.90
785.13
788.44
768.64
770.61
774.19
771.41
761.61
763.55
757.58
770.61
770.61
772.20
776.80
788.64
753.39
771.01
783.29
784.31
767.46
762.00
771.60
777.00
788.85
776.80
776.80
780.84
766.09
764.72
751.69
763.94
773.40
775.19
783.09
768.25
780.03
744.05
777.81
784.72
784.72
793.23
749.44
771.80
770.22
779.02
793.23
773.40
780.44
773.59
770.22
765.31
760.84
758.34
758.34
765.31
759.11
784.72
798.72
762.78
772.80
770.61
769.43
761.81
773.00
783.70
795.97
779.22
779.22
769.23
766.87
768.64
774.79
763.94
763.75
758.92
760.84
762.58
777.20
790.93
757.96
757.96
771.01
773.59
776.20
768.84
765.31
777.81
777.60
779.83
766.09
767.26
772.20
771.60
764.14
764.14
764.33
766.28
768.84
773.20
775.19
784.31
753.58
786.37
781.66
780.84
757.19
759.88
770.42
770.42
792.18
803.43
772.40
751.69
767.66
759.30
762.58
779.22
763.16
782.27
767.26
762.20
784.11
784.11
753.77
790.10
788.44
758.92
768.44
753.01
774.39
798.30
795.76
767.85
757.19
771.41
765.70
765.70
767.66
769.82
757.19
767.85
777.60
780.64
801.28
756.62
774.39
770.61
768.05
764.14
767.46
767.46
778.82
786.37
787.82
769.82
772.60
776.60
774.39
758.73
759.11
748.13
770.61
782.68
785.34
785.34
799.57
753.96
768.64
765.11
773.00
776.80
775.19
776.00
780.64
768.84
759.11
782.27
782.27
777.60
783.90
762.00
757.96
750.19
768.05
785.55
784.93
793.02
747.20
761.42
766.68
785.96
785.96
780.84
769.63
773.40
774.99
773.59
760.65
780.64
782.88
776.60
756.62
755.10
750.75
777.81
777.81
782.06
785.55
788.23
750.00
765.50
765.11
788.44
777.00
771.21
779.02
772.40
780.23
768.44
768.44
775.59
782.88
777.81
763.36
766.09
754.34
764.14
776.60
773.59
791.77
764.14
778.61
783.09
783.09
778.82
770.61
759.30
770.81
782.68
780.03
768.44
777.00
778.01
778.61
768.44
767.07
757.77
757.77
761.04
764.14
763.16
792.39
763.16
783.29
763.16
772.80
757.00
764.72
795.97
795.12
782.47
782.47
763.16
758.73
759.11
786.37
775.59
778.01
757.38
755.86
753.77
774.39
803.21
763.75
763.75
781.86
778.01
772.80
767.07
765.70
776.20
779.63
778.82
767.26
775.19
778.61
781.25
772.40
772.40
764.33
750.94
758.53
760.84
779.63
800.64
762.20
779.22
776.20
774.79
767.26
765.89
777.00
777.00
778.61
778.61
771.60
772.80
778.61
775.19
765.89
764.92
755.86
759.30
760.26
774.99
804.51
804.51
764.14
767.85
766.68
764.92
764.72
776.40
785.96
795.33
774.19
761.42
759.30
768.64
787.82
787.82
775.39
769.03
748.32
756.62
763.94
786.16
800.21
758.73
780.23
771.60
772.40
767.07
762.97
762.97
777.40
778.41
789.47
776.80
777.81
766.87
766.48
753.77
763.75
775.39
771.41
783.90
770.81
770.81
781.25
748.50
773.00
782.88
788.23
748.32
769.82
763.94
783.49
796.18
776.00
768.25
773.20
773.20
762.58
751.69
774.39
772.40
781.25
771.01
769.03
774.79
752.26
786.37
781.25
782.06
782.06
756.05
756.81
777.00
784.93
800.85
781.05
758.53
762.97
765.70
761.61
771.01
769.82
779.42
779.42
773.00
777.40
787.40
748.88
772.20
773.59
776.40
773.20
768.64
779.83
782.47
777.60
767.85
767.85
766.09
771.80
779.22
770.42
770.61
765.11
767.85
768.84
774.19
784.11
753.77
788.23
780.03
780.03
771.01
762.97
756.43
773.00
797.02
797.87
768.44
746.64
767.07
763.55
757.96
785.55
769.03
769.03
771.80
770.22
760.46
782.47
758.92
785.96
786.37
758.53
766.87
753.39
775.39
804.72
791.56
791.56
764.72
756.81
766.09
767.46
761.81
777.60
764.72
772.80
778.01
769.43
791.77
750.38
770.22
770.22
771.01
776.00
777.40
777.40
776.40
784.93
770.22
756.81
785.75
778.61
782.47
757.38
757.38
759.49
749.25
779.63
781.66
780.44
799.79
757.58
772.80
770.22
770.61
762.78
763.16
774.39
774.39
794.70
790.10
765.89
761.04
765.11
764.33
775.59
777.20
771.41
762.00
764.72
761.81
791.56
791.56
768.64
784.93
765.11
774.79
751.50
767.46
790.10
795.97
793.44
758.53
759.11
765.70
769.63
769.63
775.59
774.59
768.84
762.39
761.61
764.72
793.23
771.60
790.31
756.43
775.59
748.50
767.46
767.46
791.56
790.51
791.97
762.39
761.04
766.28
766.87
775.59
776.20
767.26
765.31
763.94
765.89
765.89
794.70
767.26
786.58
760.07
772.20
753.01
765.11
794.49
791.35
778.41
756.43
759.30
760.26
760.26
785.13
774.79
778.21
757.00
759.11
754.53
772.00
800.64
761.42
781.86
770.22
769.03
761.81
761.81
762.00
785.96
789.47
788.64
767.66
768.25
771.41
772.60
764.53
764.72
758.73
762.00
762.00
765.11
773.79
807.97
765.11
776.60
765.31
766.87
762.39
774.59
790.31
796.81
777.20
763.75
763.75
762.97
762.78
784.72
773.99
770.81
752.63
760.26
753.01
783.49
799.15
765.89
774.59
767.46
767.46
768.84
757.96
772.20
786.16
794.91
778.41
765.70
765.50
766.48
771.60
765.70
765.11
763.16
763.16
770.81
771.60
776.60
787.82
752.07
779.63
784.72
790.51
749.63
769.43
770.81
778.61
795.54
795.54
773.79
779.22
770.22
762.78
754.53
766.28
777.60
782.68
776.00
770.42
776.80
748.88
778.01
778.01
787.40
780.44
755.86
759.88
765.70
782.68
792.39
774.39
766.68
771.01
765.31
752.07
768.44
768.44
772.20
773.40
777.81
780.64
784.31
754.34
768.84
766.48
772.80
765.89
770.61
782.68
782.68
788.64
781.45
771.60
767.26
770.02
770.81
760.84
762.39
756.62
759.49
772.60
790.93
802.35
802.35
752.45
765.31
759.69
768.05
775.59
773.59
791.35
777.81
773.99
758.92
764.72
782.06
783.70
783.70
768.05
753.58
752.07
761.23
778.61
790.72
795.12
757.96
773.00
764.14
770.02
768.64
773.99
773.99
791.77
778.21
779.22
757.96
766.09
783.29
780.23
770.02
758.34
754.53
757.58
777.81
787.61
787.61
798.51
750.38
773.00
760.46
772.00
776.00
772.00
783.29
775.80
772.00
757.00
780.23
779.22
779.22
785.96
756.24
755.86
745.53
778.01
780.64
785.75
797.66
753.58
769.82
764.92
775.39
778.61
778.61
777.00
777.40
776.40
770.22
760.84
783.49
777.60
785.55
761.61
758.73
749.25
771.41
771.41
786.37
785.75
793.65
746.64
760.84
764.92
782.88
773.99
775.19
774.19
772.80
773.40
763.16
763.16
780.03
785.75
775.39
753.58
757.77
755.29
777.20
786.37
783.09
793.86
756.43
769.03
766.09
766.09
780.23
774.99
767.46
777.40
775.19
769.03
765.70
778.61
774.39
778.21
766.68
764.33
759.88
759.88
766.48
765.11
766.48
786.99
767.07
783.49
767.46
768.44
756.24
760.65
797.45
792.39
787.40
787.40
759.88
761.04
763.36
776.20
774.19
775.39
768.05
763.55
758.34
764.92
801.07
764.14
793.65
793.65
756.62
774.79
755.10
764.33
795.33
790.31
788.85
764.92
761.04
767.46
768.05
773.20
773.79
773.79
767.66
767.26
769.63
769.82
785.34
756.62
773.00
779.63
785.55
770.42
757.58
780.64
768.44
768.44
781.25
782.68
778.82
773.40
758.92
756.43
754.53
770.22
781.05
782.47
777.81
787.61
787.61
746.83
766.09
783.09
782.88
768.84
761.42
768.64
770.22
786.37
774.19
778.82
770.61
767.46
767.46
760.26
755.67
764.92
779.83
774.99
780.23
797.02
751.31
771.60
765.50
768.84
762.78
764.14
764.14
776.20
778.41
785.55
776.40
778.82
769.03
764.33
757.00
758.92
776.40
778.01
782.88
770.22
770.22
780.44
742.57
773.59
789.06
776.40
764.33
756.62
764.53
783.90
786.58
774.59
773.79
779.63
779.63
774.99
764.53
761.42
753.58
753.01
766.87
790.10
801.71
758.53
764.33
762.39
768.25
764.92
764.92
777.40
789.27
785.13
782.88
764.53
762.39
769.82
773.00
766.09
766.87
758.92
764.33
767.66
767.66
791.56
798.93
767.26
769.82
767.46
770.02
766.68
774.99
793.02
780.64
779.63
760.84
760.84
760.07
781.25
782.27
771.41
760.84
755.67
751.69
778.82
787.40
800.85
755.48
769.03
760.46
760.46
767.66
772.60
773.00
795.76
778.01
776.00
762.00
762.78
784.72
783.49
767.46
756.05
752.63
752.63
755.67
783.70
792.18
801.28
745.34
767.07
759.49
776.60
777.20
774.99
792.39
780.84
772.60
772.60
759.69
769.23
781.25
785.96
763.16
756.62
751.13
761.61
786.16
790.72
800.43
745.90
765.11
765.11
759.11
775.19
775.80
778.21
779.22
774.59
773.99
758.73
779.42
783.49
785.55
756.24
758.92
758.92
744.42
778.21
780.84
784.93
798.93
753.39
770.61
766.87
768.05
773.20
772.60
790.93
775.59
775.59
771.41
761.61
769.82
782.06
780.23
759.88
760.84
750.19
763.16
784.11
780.84
799.36
759.11
759.11
773.20
771.41
768.44
766.09
768.25
786.58
780.64
781.05
764.33
770.61
778.21
777.20
777.20
770.42
770.02
763.36
768.25
769.82
769.43
783.09
761.42
780.64
781.66
772.80
767.26
766.28
766.28
777.00
780.64
776.00
760.46
778.21
778.01
778.21
766.48
764.53
757.00
764.53
763.94
768.25
768.25
798.72
769.43
790.51
759.30
770.22
755.86
759.11
800.00
787.61
793.23
763.36
760.07
761.04
761.04
775.39
771.60
776.80
764.92
760.07
761.04
764.14
803.64
763.55
788.23
759.88
768.84
754.91
754.91
764.33
795.76
788.02
789.06
768.64
762.58
769.82
770.22
759.11
764.92
759.88
2727.27
1096.89
781.05
781.05
778.21
785.13
745.71
765.70
774.79
784.93
767.46
759.69
773.40
769.23
788.85
768.64
767.46
767.46
774.99
772.60
764.72
764.33
759.49
765.89
762.78
773.00
808.41
764.14
779.83
765.70
765.70
767.26
758.53
767.46
791.97
789.89
784.72
774.59
772.00
762.58
761.81
761.42
762.58
769.03
769.03
776.60
780.64
776.60
789.06
751.13
767.07
778.82
779.63
764.14
767.26
768.84
770.42
790.51
790.51
773.40
779.22
770.81
768.05
761.04
758.73
759.49
775.19
767.26
776.80
788.44
746.45
780.44
780.44
784.52
785.55
753.01
764.72
770.02
777.00
794.70
778.01
774.79
773.40
765.50
752.26
765.31
765.31
771.60
772.80
781.25
772.40
787.82
748.88
770.22
784.11
778.21
758.92
771.41
762.97
777.81
777.81
797.24
771.60
773.59
763.36
762.78
751.13
775.59
770.22
775.19
772.80
773.20
778.01
747.76
747.76
778.41
779.83
779.02
757.38
757.58
765.70
791.35
797.24
778.21
758.34
761.61
760.46
760.46
761.81
774.79
768.05
781.45
764.92
768.84
779.63
748.50
793.65
779.83
768.84
762.58
750.94
750.94
778.01
800.64
794.07
776.40
761.04
762.78
762.58
764.33
772.80
766.28
779.02
774.19
775.80
775.80
792.18
749.06
774.39
773.99
772.80
768.44
765.50
780.03
782.47
784.52
767.46
770.22
773.99
773.99
773.20
766.09
766.68
758.15
763.55
769.63
781.45
792.39
755.67
777.60
772.40
777.81
765.89
765.89
765.50
779.22
782.27
783.90
766.48
772.00
772.40
773.79
765.89
765.50
758.73
763.16
772.60
772.60
780.44
793.44
755.10
778.01
772.00
776.80
764.33
765.11
780.03
785.55
791.35
771.21
767.46
767.46
769.82
766.09
763.75
768.25
759.49
768.64
769.03
768.05
785.13
767.26
781.45
776.00
762.97
762.97
756.43
757.00
789.27
794.49
795.54
756.43
756.81
760.26
770.81
772.60
773.59
774.59
774.59
759.49
762.20
762.97
787.19
770.81
786.16
756.05
769.03
751.13
761.81
794.07
790.51
794.91
794.91
759.11
757.38
757.38
776.40
773.99
778.01
765.70
757.96
757.38
764.14
795.12
765.70
790.31
790.31
759.30
771.60
755.86
757.77
800.85
788.23
791.35
761.04
758.34
761.04
785.34
771.21
781.45
781.45
760.46
758.53
761.04
765.50
801.28
761.23
787.61
757.58
766.28
754.91
762.20
797.02
790.51
790.51
786.58
767.26
758.73
764.33
779.83
773.59
780.64
759.11
759.11
760.26
770.81
803.43
763.36
763.36
778.61
763.36
765.31
758.92
767.85
796.39
792.81
785.13
771.41
765.89
769.03
774.79
762.20
762.20
765.50
761.61
779.42
780.03
780.64
786.58
751.50
765.70
775.39
784.52
764.33
766.09
766.09
770.81
772.60
791.14
775.59
773.99
780.03
766.87
764.14
758.92
756.24
776.60
767.66
780.23
780.23
787.40
750.19
777.60
782.68
784.72
756.24
768.84
764.14
780.44
791.97
778.01
778.61
770.02
770.02
766.68
754.34
764.72
775.39
778.41
781.66
770.02
779.22
743.31
779.83
783.70
788.85
750.00
750.00
765.89
768.84
778.61
791.77
777.40
773.79
771.01
766.48
751.50
769.43
775.59
776.40
780.84
780.84
768.44
782.06
745.16
780.44
783.09
789.06
751.69
761.61
770.61
784.11
794.70
779.22
769.82
769.82
773.20
768.84
753.39
769.63
773.00
773.00
779.63
770.22
785.75
748.32
783.29
782.88
778.82
778.82
757.77
757.77
766.87
793.86
795.12
782.27
759.30
758.73
762.78
762.78
773.79
769.63
769.63
782.47
765.89
771.60
782.68
746.45
792.60
780.64
769.63
763.36
749.44
770.81
803.43
790.72
790.72
779.42
753.77
763.75
763.36
763.75
776.60
765.11
782.47
770.81
775.19
790.51
744.05
778.41
778.41
773.00
778.61
769.63
767.26
778.21
774.79
774.19
760.07
773.59
787.82
783.09
759.49
753.77
753.77
745.53
771.80
775.39
785.75
798.51
754.34
775.39
764.33
768.25
765.89
770.22
783.90
784.52
784.52
788.02
770.42
774.59
776.60
773.40
758.92
757.38
752.07
773.00
783.29
785.34
799.57
748.88
748.88
766.87
760.65
777.40
771.21
780.64
781.25
782.68
777.81
761.61
764.14
774.99
775.59
769.43
769.43
768.05
760.65
764.92
768.44
772.20
791.77
765.89
781.66
775.80
769.43
759.69
760.84
781.05
781.05
800.21
793.44
766.68
754.91
760.26
777.00
771.41
778.01
771.01
763.16
766.48
763.94
763.94
785.34
769.23
780.23
769.23
764.72
752.45
757.96
797.24
791.77
796.39
754.53
762.00
757.38
757.38
775.39
777.60
774.19
768.84
762.58
755.10
766.68
799.36
766.68
788.02
755.48
766.68
755.67
755.67
762.20
800.85
789.89
790.72
762.39
757.58
758.15
787.82
773.79
782.47
762.78
762.00
756.05
756.05
772.40
801.28
768.25
779.02
756.05
767.66
757.00
768.25
800.64
791.77
787.61
761.81
758.15
758.15
760.46
788.85
774.59
781.66
759.69
763.16
756.62
776.80
805.15
763.55
774.59
754.53
765.70
765.70
762.97
765.31
797.24
792.60
782.27
764.53
757.96
758.92
788.23
774.19
776.80
757.96
758.92
758.92
755.67
783.09
804.94
765.31
766.68
763.36
766.09
759.88
774.99
789.27
797.87
781.25
770.02
770.02
768.64
767.07
775.80
763.75
762.97
762.78
776.40
777.00
782.68
794.91
753.01
769.63
769.63
767.46
773.79
764.92
772.80
778.01
781.25
778.82
765.11
766.48
769.23
780.03
771.60
773.00
773.00
761.42
764.14
763.16
770.02
798.51
756.62
782.06
768.84
772.80
764.14
760.84
780.64
778.82
778.82
787.82
776.60
776.00
766.28
764.92
753.96
764.53
775.39
777.00
783.70
773.99
778.01
747.76
747.76
768.64
786.37
770.02
767.26
754.53
757.96
795.76
786.58
782.27
762.97
764.14
766.87
752.07
752.07
781.25
774.59
779.42
779.42
779.02
785.34
754.53
770.42
771.41
777.40
760.84
770.61
770.22
770.22
775.39
789.27
770.81
773.40
768.44
766.09
757.77
764.72
768.05
769.82
776.20
774.79
785.13
785.13
756.43
786.78
776.00
768.84
761.81
749.25
773.79
802.57
792.39
776.20
753.96
764.92
764.92
765.11
766.09
771.41
765.89
774.59
773.00
774.79
792.60
754.53
788.23
774.19
766.09
763.94
763.94
753.01
771.21
802.14
793.02
771.80
754.91
770.81
763.55
767.85
779.22
762.78
778.41
774.59
774.59
773.00
797.02
751.13
784.31
772.80
765.70
767.07
750.94
774.59
805.37
789.68
767.26
752.26
752.26
768.64
772.00
760.46
776.20
763.55
766.87
777.20
768.05
790.93
764.92
782.88
769.03
759.69
759.69
756.24
760.46
780.64
801.07
796.81
760.26
760.46
767.66
765.89
774.59
777.00
772.60
769.43
769.43
778.41
774.39
788.64
751.69
775.59
770.61
779.42
765.70
766.48
780.84
780.64
778.01
763.94
763.94
766.68
774.59
775.39
768.25
768.05
759.11
764.53
772.40
776.60
792.39
769.03
783.29
783.29
766.48
760.65
757.77
758.15
798.72
795.54
793.44
762.00
762.00
760.26
773.59
774.39
774.99
774.99
772.60
766.09
766.48
770.81
786.37
771.21
777.40
768.05
762.97
752.63
760.46
794.91
789.06
789.06
790.72
757.38
758.53
759.69
781.66
775.59
777.60
759.49
761.81
757.38
764.53
797.24
763.16
763.16
786.37
752.63
773.40
757.77
757.77
794.07
787.82
791.14
764.72
759.88
762.39
777.40
774.79
774.79
778.41
762.58
763.16
759.69
770.22
802.57
765.11
786.99
757.77
774.39
761.23
760.84
785.96
785.96
782.47
786.58
771.01
769.82
773.59
770.42
762.97
763.36
754.91
760.84
766.87
774.39
807.75
807.75
764.53
782.06
768.64
778.41
760.26
759.11
780.44
766.68
780.44
786.37
777.81
766.68
762.00
762.00
755.10
765.31
769.82
775.39
788.02
777.81
795.12
756.43
763.16
779.83
771.41
765.31
765.31
760.26
772.40
766.48
789.27
773.79
778.41
763.16
759.11
753.96
765.70
773.99
776.80
782.88
782.88
782.47
790.10
746.45
761.42
783.70
773.99
764.92
757.77
765.31
770.02
799.36
772.80
769.82
769.82
770.02
757.00
750.38
778.01
768.25
781.25
779.63
785.13
788.85
741.11
768.84
782.88
774.79
774.79
761.61
755.86
766.28
781.45
799.15
782.47
751.50
763.16
774.39
760.65
769.03
761.42
765.50
765.50
765.89
788.64
798.08
766.68
767.26
774.39
773.59
756.05
757.77
767.66
791.77
801.50
776.60
776.60
759.88
757.58
761.23
764.14
773.99
772.20
783.49
774.39
772.40
785.96
745.71
786.99
779.42
779.42
764.72
757.77
757.00
766.09
796.39
793.23
777.81
752.63
765.11
760.26
763.16
770.22
770.22
764.14
773.00
770.22
772.40
789.06
756.43
789.89
772.40
766.48
751.69
757.77
775.39
804.07
804.07
795.12
768.25
761.23
767.85
767.46
770.02
768.64
762.97
762.20
776.20
784.52
803.64
753.58
753.58
775.80
767.26
769.43
761.42
761.42
782.47
779.22
789.68
771.80
773.59
777.40
773.40
758.53
758.53
759.88
748.13
771.80
782.88
789.27
801.28
752.63
769.23
766.68
775.19
765.11
769.63
784.11
784.11
773.00
770.61
761.23
774.19
779.42
782.68
757.00
760.07
748.69
767.26
785.13
787.40
799.15
799.15
752.63
762.97
765.70
776.20
763.36
773.59
774.79
770.22
773.20
768.64
783.09
783.09
773.59
773.59
749.63
757.96
752.26
775.19
785.55
782.06
795.97
761.04
772.80
771.41
766.87
763.16
763.16
761.23
782.47
776.40
776.60
764.33
780.44
780.84
773.99
758.15
758.53
750.56
782.88
783.70
783.70
796.81
789.06
752.63
763.36
769.63
780.84
759.30
771.41
760.46
776.80
785.13
761.61
775.19
775.19
770.61
769.82
767.66
760.65
758.73
772.40
775.39
786.16
793.23
759.30
775.19
772.40
776.80
776.80
764.72
755.86
773.99
775.39
778.41
775.59
773.00
775.80
779.83
767.66
768.64
756.24
758.34
758.34
760.84
777.40
802.78
767.85
780.44
763.94
782.47
765.50
759.88
783.29
765.89
779.42
786.58
786.58
778.41
773.20
757.58
759.49
762.97
766.09
782.88
783.49
778.82
797.87
754.91
767.46
772.60
772.60
776.40
760.65
755.10
775.59
773.20
781.66
782.06
777.60
771.21
767.07
757.00
757.58
757.58
771.01
781.25
786.99
773.40
791.97
740.56
778.21
784.72
781.25
757.19
751.50
777.20
773.40
773.40
797.66
772.80
777.20
776.80
759.11
757.19
761.04
777.40
783.29
789.47
776.00
788.23
748.50
748.50
776.80
781.45
768.05
764.72
746.27
783.49
771.80
796.60
777.00
769.82
776.20
762.78
753.77
753.77
765.11
767.26
774.79
780.23
777.20
790.93
760.46
771.60
780.84
771.80
753.77
758.73
767.07
767.07
789.27
788.64
778.41
772.00
770.22
767.07
756.05
764.72
773.59
776.60
781.05
782.47
787.40
787.40
754.34
771.01
782.47
771.41
752.26
763.94
766.09
797.24
795.76
780.23
759.88
760.84
770.22
770.22
767.85
764.92
767.85
772.80
772.40
778.82
793.86
760.26
790.72
778.01
776.20
751.31
761.61
761.61
768.44
790.31
799.36
771.21
759.69
767.85
762.78
773.40
766.28
757.77
769.23
765.70
765.70
785.55
798.08
763.94
782.27
776.00
765.31
760.46
754.15
772.20
796.18
793.86
773.20
752.07
752.07
771.60
762.97
763.16
785.13
767.66
777.20
777.40
765.70
784.31
757.77
789.27
774.79
768.44
768.44
752.07
761.04
766.87
809.28
788.02
766.48
757.38
764.53
767.85
765.11
778.41
769.82
772.00
772.00
778.01
774.79
794.28
754.91
777.60
773.59
766.87
762.39
758.34
779.42
795.97
791.97
766.87
766.87
758.73
764.53
764.14
776.20
779.42
772.00
766.87
767.07
761.42
792.39
768.25
789.68
762.78
762.78
766.87
763.16
760.65
784.31
782.47
794.28
764.53
760.07
760.26
767.66
779.42
779.02
773.79
773.79
767.66
768.64
766.87
789.47
774.79
783.29
770.81
762.39
766.68
763.36
778.61
788.44
791.35
791.35
767.07
765.31
768.05
764.92
778.01
776.80
771.60
767.07
768.44
765.89
787.82
771.01
771.01
778.82
776.80
768.25
767.26
768.44
772.40
784.52
782.27
761.81
771.60
766.87
768.64
764.72
764.72
761.42
756.62
780.64
781.66
793.23
792.39
754.34
767.85
767.85
788.64
757.19
763.75
768.25
768.25
776.60
785.96
768.44
772.80
775.59
771.41
767.26
764.53
759.49
764.72
772.00
774.19
804.07
804.07
771.41
781.66
760.84
786.58
760.46
760.07
774.39
764.53
784.93
779.42
777.60
776.40
753.58
753.58
761.81
761.61
761.23
781.45
780.23
781.66
800.43
747.94
777.60
772.80
784.93
763.16
750.19
750.19
776.60
771.01
791.35
774.59
774.79
777.20
763.94
759.49
758.34
767.46
780.44
788.44
783.90
783.90
803.64
750.38
758.73
781.25
775.19
770.02
751.31
771.80
777.60
789.47
772.20
786.78
786.78
766.28
768.05
764.14
756.81
771.01
779.83
784.52
783.09
800.00
751.69
762.39
780.64
776.20
776.20
761.42
752.26
772.40
779.02
792.60
775.39
773.00
771.01
760.07
752.63
769.82
772.60
781.25
781.25
784.31
782.88
789.06
751.31
765.70
780.23
772.60
758.53
752.45
776.00
778.01
794.91
776.40
776.40
771.01
772.80
762.97
754.72
768.64
773.79
778.01
783.49
785.13
793.23
748.32
759.69
777.81
777.81
772.20
768.64
765.31
766.87
783.90
773.20
774.59
770.42
767.26
780.03
762.97
763.94
762.20
762.20
760.65
776.40
793.44
809.94
759.11
772.60
769.03
774.39
767.85
761.04
780.84
777.40
774.19
774.19
771.80
760.65
770.22
782.88
764.92
769.82
764.53
764.14
769.63
773.59
784.31
755.48
794.07
794.07
782.47
770.81
762.97
767.66
778.21
781.86
780.64
774.59
770.22
771.01
778.41
763.36
763.36
765.70
763.16
761.61
769.43
784.72
797.02
763.36
783.90
773.99
776.00
759.11
763.16
775.59
775.59
778.82
791.56
766.48
767.07
763.16
762.97
772.00
781.66
775.59
771.41
766.09
767.46
787.61
787.61
759.11
794.91
779.22
765.11
772.20
764.53
777.00
780.64
774.59
776.60
762.78
770.22
773.99
773.99
760.26
766.87
759.69
764.14
787.40
789.68
803.64
760.07
770.42
763.94
774.79
774.99
764.14
764.14
771.01
780.44
770.61
770.61
776.00
774.79
785.34
760.65
757.96
757.00
768.44
784.52
793.02
793.02
803.64
763.94
770.81
760.84
780.64
770.61
768.84
761.23
784.11
771.01
767.26
777.60
768.84
768.84
782.47
767.85
765.31
765.11
763.16
767.07
774.99
789.47
773.99
788.64
770.81
779.22
771.80
771.80
763.55
758.34
787.61
781.66
765.11
778.01
766.87
774.79
769.03
761.04
761.61
770.22
770.22
775.80
786.16
794.28
757.58
785.34
772.40
788.23
761.04
757.58
771.21
773.40
785.75
763.55
763.55
776.80
778.21
774.59
768.25
765.50
760.65
764.33
766.48
769.43
800.00
771.80
791.14
763.16
763.16
789.27
753.77
760.65
776.20
772.20
792.60
765.31
770.02
776.80
767.85
768.44
765.31
757.96
757.96
768.84
769.63
777.20
803.64
769.82
787.40
768.44
786.99
759.11
755.86
777.20
768.64
787.61
787.61
771.80
778.01
776.40
768.84
764.92
758.92
756.81
771.21
769.63
780.23
801.92
762.97
786.99
786.99
771.41
785.34
756.05
752.82
784.31
768.44
785.55
774.39
771.80
783.09
778.01
768.05
761.81
761.81
747.38
759.88
770.22
782.88
807.97
766.09
779.83
778.41
780.44
758.73
750.94
784.52
772.00
772.00
780.23
774.19
765.89
780.64
773.00
763.36
771.80
758.92
766.28
767.85
770.22
798.93
798.93
760.65
786.58
788.44
776.40
766.28
752.63
780.03
767.46
778.61
765.11
762.58
777.40
778.21
778.21
769.23
772.20
756.62
766.68
764.72
772.00
801.07
759.11
785.75
789.89
774.19
764.53
761.42
761.42
777.20
773.99
773.79
768.84
765.50
774.59
770.61
765.31
771.21
758.53
764.92
768.05
784.52
784.52
804.07
767.07
780.03
773.20
779.63
757.96
769.23
774.59
783.49
774.99
762.58
773.00
762.97
762.97
767.66
763.55
769.03
767.07
772.80
769.63
778.61
788.44
753.58
791.77
779.02
791.35
755.29
755.29
770.42
772.60
772.20
780.23
774.39
757.77
771.21
763.75
756.05
783.29
768.05
777.40
770.02
770.02
773.59
782.68
757.19
794.49
780.23
779.42
768.25
763.36
775.80
769.82
774.59
771.60
762.39
762.39
773.59
770.42
759.69
768.64
755.67
761.23
781.86
785.34
809.28
761.81
777.00
766.28
766.28
771.41
774.59
763.36
774.79
776.80
774.79
783.29
761.23
772.40
774.39
758.34
766.68
758.34
758.34
762.58
785.34
785.13
806.67
762.97
777.20
762.39
773.79
775.59
764.33
764.14
788.44
769.43
769.43
780.23
767.66
769.82
774.59
755.10
760.26
753.77
772.00
781.25
791.14
798.51
765.89
770.22
770.22
758.15
778.82
769.43
770.22
757.77
788.02
771.60
772.20
771.80
772.00
772.00
763.94
764.72
764.72
757.96
762.39
770.02
773.79
795.12
771.60
791.14
771.41
776.80
772.60
763.36
766.09
791.35
791.35
766.28
778.41
769.63
768.64
777.20
763.75
765.70
761.04
762.58
767.66
766.87
799.79
770.42
770.42
795.76
765.50
786.78
770.02
763.94
770.61
784.72
777.20
770.02
773.40
770.42
768.05
761.61
761.61
759.11
757.77
781.66
779.22
789.47
798.72
761.04
771.41
768.44
788.85
767.07
763.16
763.16
775.39
777.20
776.20
762.97
770.81
766.28
773.20
766.87
765.89
765.50
763.94
769.82
769.82
769.82
795.12
767.46
785.55
777.00
782.27
766.09
755.48
785.96
773.40
781.86
765.50
757.58
772.00
772.00
766.87
763.94
766.87
760.46
763.75
765.70
776.60
809.06
770.02
782.47
772.60
773.40
766.09
766.09
760.84
785.34
774.19
778.61
756.62
764.33
762.78
779.22
772.60
771.60
757.38
761.04
758.53
758.53
782.68
805.15
774.59
779.22
774.99
773.59
767.85
767.26
780.44
777.20
778.61
761.04
766.28
766.28
769.23
770.81
758.73
763.36
763.75
770.22
774.39
776.20
787.82
754.91
785.34
793.02
788.44
788.44
757.19
766.87
780.03
764.92
778.01
757.77
779.02
769.63
767.66
773.59
758.53
758.53
758.53
764.72
760.65
779.63
799.79
767.66
778.82
783.90
782.27
769.43
769.43
777.81
776.40
767.46
767.46
762.58
771.80
767.66
775.80
771.01
769.82
763.55
767.26
767.46
772.00
784.11
751.88
791.35
791.35
787.61
785.55
760.65
776.00
772.80
773.99
774.79
757.77
780.03
762.58
771.21
768.64
760.84
760.84
757.96
765.31
769.43
789.68
801.50
763.55
784.31
772.20
772.20
768.25
774.19
774.99
768.05
768.05
782.68
758.34
773.79
769.43
766.87
766.68
764.92
755.67
764.33
779.83
787.19
808.63
759.11
759.11
778.01
770.42
772.40
774.79
765.11
774.59
769.82
783.09
769.63
758.53
770.02
751.88
774.59
774.59
781.86
767.46
772.60
760.26
759.49
786.99
763.75
793.65
784.93
772.80
773.79
766.87
779.83
779.83
769.23
780.84
768.84
761.81
773.59
755.10
765.89
779.63
760.84
778.61
772.80
775.39
775.39
791.97
752.45
773.40
775.39
787.40
781.86
766.87
762.78
787.82
776.00
770.22
763.75
764.53
764.53
761.42
782.47
778.01
770.81
765.89
761.61
755.86
794.91
775.19
789.06
779.63
777.60
767.46
767.46
768.64
776.00
784.11
778.41
758.53
767.46
753.39
773.79
781.66
781.86
764.92
751.31
756.81
756.81
771.01
797.24
770.02
790.93
773.20
780.03
774.39
757.77
780.03
786.58
775.19
759.69
765.70
765.70
757.38
776.00
781.05
778.01
764.14
751.13
758.92
771.60
803.00
769.43
789.89
777.60
779.63
779.63
773.59
754.72
781.05
784.31
773.79
756.24
762.78
765.50
772.20
781.86
774.39
759.11
758.73
758.73
756.43
773.59
807.32
770.61
788.64
772.40
776.20
770.42
765.11
776.80
787.19
769.63
756.43
756.43
764.72
761.42
778.41
779.22
774.39
758.53
760.07
754.53
777.40
806.67
770.81
783.70
783.70
771.60
773.40
768.64
766.87
776.80
782.06
775.59
757.38
767.66
765.11
776.00
772.80
771.41
771.41
765.11
767.07
767.85
771.80
784.93
756.05
776.20
792.18
789.47
767.66
760.65
783.29
780.84
780.84
772.20
757.96
760.26
773.20
772.00
771.41
776.20
763.55
769.03
770.61
768.84
785.75
751.88
751.88
779.63
795.33
792.18
757.58
770.61
784.93
779.63
772.60
761.61
761.42
776.60
768.44
759.30
759.30
770.22
770.61
773.99
784.52
775.59
796.18
758.92
774.19
777.60
777.81
770.42
773.99
784.72
784.72
767.46
776.60
762.78
783.90
757.00
767.07
757.96
764.53
779.63
780.44
771.21
771.60
775.19
775.19
750.75
786.58
789.47
783.09
765.31
769.82
786.58
775.80
769.23
766.09
768.05
769.82
774.39
774.39
755.48
766.48
762.39
757.00
770.02
784.11
798.08
766.68
779.02
777.20
774.19
766.09
766.09
771.60
773.79
777.60
777.00
759.88
778.21
762.00
767.26
762.58
760.84
763.75
768.64
767.46
767.46
782.47
793.02
762.39
784.93
785.75
783.49
761.04
778.01
767.66
780.84
785.13
751.50
770.61
770.61
754.72
756.24
772.20
779.42
772.00
776.40
756.05
761.61
781.45
763.55
795.12
785.13
773.59
773.59
769.63
769.43
774.19
786.58
776.40
758.53
765.50
756.62
763.16
762.00
777.81
768.64
775.80
775.80
765.31
769.23
782.47
759.49
793.02
782.68
778.01
774.79
764.53
781.66
779.63
778.21
757.77
757.77
764.53
757.77
764.14
778.41
780.84
772.60
766.48
758.34
756.43
796.39
773.40
790.10
781.25
781.25
773.00
776.80
767.85
780.03
779.83
775.39
763.75
764.53
2586.21
1073.35
767.85
780.44
782.47
782.47
771.80
755.67
754.72
760.07
797.02
771.21
788.85
776.20
777.40
772.80
760.65
780.44
785.34
785.34
769.43
759.30
762.78
752.26
781.45
775.59
778.21
769.63
752.82
757.96
762.00
797.02
767.66
767.66
794.28
770.22
776.00
771.80
760.46
785.34
787.19
763.94
756.81
762.58
757.77
783.09
776.40
776.40
778.21
762.00
754.15
759.69
766.68
803.21
769.03
790.31
777.40
776.60
774.19
753.01
781.05
781.05
785.75
774.59
749.25
769.43
762.00
774.39
782.88
772.20
758.92
757.58
755.29
779.22
800.21
800.21
773.79
785.55
775.80
776.40
770.22
763.94
784.52
781.66
767.26
752.82
764.33
766.87
779.22
779.22
775.80
771.80
756.43
756.05
755.48
781.86
798.51
775.19
782.68
775.80
774.59
767.85
769.03
769.03
784.11
777.40
766.28
758.92
771.01
768.25
772.80
767.46
764.14
761.42
774.79
771.41
771.41
779.22
790.51
755.29
777.40
790.10
793.23
764.14
764.72
783.49
775.80
770.22
761.81
767.66
767.66
776.40
770.02
762.20
765.11
759.69
764.14
765.70
779.22
804.51
774.39
774.79
774.59
768.25
768.25
762.39
771.60
784.93
770.02
768.05
765.50
779.02
755.48
769.63
753.58
767.85
777.60
779.83
779.83
777.60
777.00
784.52
747.94
774.99
793.23
788.02
764.53
771.41
768.84
773.59
784.52
755.67
755.67
789.06
739.10
771.01
753.77
767.85
781.66
773.79
774.59
775.80
777.60
751.50
782.47
785.96
785.96
794.28
751.88
780.03
775.80
774.99
772.40
758.92
780.84
762.39
779.22
766.48
762.20
763.94
763.94
761.23
762.78
773.20
786.78
756.81
783.90
787.19
781.66
761.81
775.59
768.84
776.20
776.20
775.80
753.39
779.83
761.61
772.80
766.09
760.07
758.92
763.55
775.80
789.68
805.15
760.84
760.84
778.82
766.28
771.80
776.00
775.80
772.80
774.79
784.93
765.11
767.46
764.72
761.04
765.11
765.11
779.22
769.43
781.25
760.46
770.02
775.19
756.43
794.49
782.88
777.60
771.21
764.33
777.60
777.60
778.82
783.09
757.00
769.63
757.96
759.88
772.80
780.44
772.40
770.61
756.62
753.96
791.56
791.56
767.26
794.70
784.11
774.19
772.80
768.44
779.22
777.40
784.72
756.24
765.11
758.73
764.33
764.33
777.40
780.84
770.42
765.31
754.91
756.43
795.76
773.59
791.35
780.44
775.39
773.20
764.53
764.53
781.05
776.60
777.81
761.61
761.23
757.77
767.66
776.40
780.84
770.61
756.81
757.96
757.96
762.58
797.66
772.80
790.72
775.80
777.60
774.79
757.19
777.20
788.44
770.42
762.39
764.92
764.92
751.50
779.02
777.20
778.41
766.68
749.06
761.04
769.63
796.81
770.42
791.77
777.81
779.63
779.63
774.19
754.91
782.06
789.47
774.59
751.69
771.80
757.19
771.01
777.20
771.21
766.48
758.92
758.92
757.77
765.70
805.37
767.85
798.30
769.43
779.02
772.20
759.49
781.86
787.19
764.72
755.29
755.29
763.75
761.42
783.09
777.60
775.59
757.58
750.38
756.81
775.39
801.71
774.39
782.47
782.47
782.47
775.80
773.00
756.81
787.19
779.63
778.61
751.88
763.36
770.22
783.29
782.06
768.84
747.57
747.57
762.39
758.15
779.83
797.24
766.09
786.58
781.86
790.31
768.25
757.38
782.27
778.82
769.23
769.23
754.91
761.04
772.00
773.79
773.20
771.80
762.39
762.78
764.14
766.87
800.43
765.70
765.70
789.89
778.21
777.81
772.00
754.91
791.56
768.44
771.41
757.96
755.67
768.84
789.68
767.85
767.85
766.68
745.53
754.72
769.82
777.81
803.21
764.14
778.21
784.93
781.86
770.22
761.04
789.47
789.47
774.99
767.66
768.84
764.92
775.59
777.60
759.69
769.63
760.46
760.26
766.28
781.05
801.07
801.07
774.79
776.00
778.01
769.43
771.60
773.20
783.29
772.20
776.20
763.55
777.60
751.13
770.22
770.22
747.20
774.79
776.80
773.59
773.20
774.39
778.01
750.75
780.64
788.23
792.81
758.53
780.03
780.03
772.00
778.61
779.83
759.11
770.61
750.56
766.87
761.61
770.61
774.39
778.82
766.09
777.00
777.00
780.23
747.38
787.61
784.11
789.89
759.88
779.02
767.85
782.06
781.86
760.26
765.31
765.31
759.88
751.31
775.59
767.26
768.44
784.11
759.30
773.40
778.82
752.63
795.76
782.47
780.64
780.64
767.66
764.72
774.99
779.22
778.21
760.46
764.33
760.84
757.00
770.22
776.80
766.28
778.41
778.41
761.61
767.07
778.61
760.65
791.77
789.89
770.61
775.80
766.87
776.00
778.82
781.45
752.63
752.63
766.09
757.00
760.84
775.59
778.82
772.00
769.03
754.91
754.15
789.47
768.84
791.97
786.16
786.16
774.59
772.80
767.66
781.25
779.02
784.11
757.19
761.42
759.30
766.48
764.14
778.21
768.05
768.05
767.85
764.53
765.70
782.47
769.82
787.82
795.54
772.20
772.40
767.07
779.42
788.64
772.40
772.40
752.07
767.07
755.48
772.60
779.22
775.19
772.60
761.61
756.43
759.69
793.44
770.81
770.81
795.54
771.41
779.83
768.25
760.26
780.23
784.93
767.85
760.07
760.65
753.77
782.88
774.79
774.79
782.27
764.72
752.07
758.53
768.44
795.97
768.25
791.35
776.20
780.64
771.21
755.86
781.86
781.86
785.34
770.02
752.63
764.53
760.65
772.40
781.45
775.59
760.26
753.96
756.24
771.41
801.71
801.71
768.84
784.93
780.03
778.82
774.59
756.24
782.06
785.55
778.41
747.20
772.00
760.84
769.82
769.82
780.03
770.61
759.49
761.42
756.62
768.44
800.85
766.87
790.10
769.82
778.61
769.03
762.78
762.78
785.96
782.06
772.60
752.26
764.72
771.41
774.79
774.59
774.79
759.88
761.61
762.20
765.11
765.11
794.70
765.11
789.27
773.20
782.06
767.07
759.11
791.56
768.64
776.00
753.77
754.53
754.53
774.39
789.47
776.60
767.85
745.90
765.50
765.50
783.49
803.64
766.48
787.19
778.82
777.60
777.60
764.72
762.20
793.65
774.99
768.44
764.14
748.88
779.63
789.68
772.20
768.84
746.27
756.81
756.81
772.80
781.66
804.72
764.14
783.70
778.01
776.00
768.44
767.26
786.37
773.00
769.82
766.09
767.85
766.09
773.00
777.40
763.94
765.50
762.78
759.69
764.14
777.20
798.08
769.03
778.61
779.42
779.42
775.19
770.02
768.44
782.06
774.59
773.79
768.05
772.60
760.84
771.60
748.50
772.80
777.60
777.60
774.99
776.20
776.40
774.59
750.00
778.82
788.02
793.02
757.38
776.40
769.63
774.39
781.86
781.86
758.73
774.79
758.34
764.14
758.73
780.64
775.19
781.45
768.05
769.43
767.07
759.30
793.23
793.23
788.23
778.01
769.43
771.21
775.19
777.60
779.63
760.07
769.82
754.53
759.30
762.20
762.20
773.79
774.39
778.01
764.92
769.82
769.63
753.39
795.97
780.84
782.88
769.03
767.07
779.02
779.02
776.60
778.82
754.91
769.03
755.86
760.26
770.42
774.39
771.01
777.20
757.58
766.87
772.80
772.80
761.81
793.23
790.10
772.40
777.60
760.65
770.61
784.72
774.19
759.88
765.11
757.77
756.81
756.81
777.81
777.60
770.81
769.63
757.58
754.72
790.72
766.87
791.77
785.55
774.79
773.40
767.66
767.66
779.42
778.41
783.29
755.48
764.14
756.62
764.33
781.05
781.25
770.22
762.20
754.72
764.72
764.72
790.10
771.41
785.55
784.31
780.44
773.20
762.97
776.20
790.31
772.60
759.49
762.39
751.31
751.31
777.40
777.00
779.22
772.40
756.43
760.46
763.94
795.12
768.84
791.14
778.01
780.23
780.23
770.22
758.92
780.23
788.44
768.25
758.53
765.70
753.01
772.40
777.20
775.59
771.80
755.48
755.48
758.92
763.94
800.43
770.61
796.60
775.39
783.70
770.81
759.88
780.23
788.23
770.42
756.24
756.24
769.23
753.96
784.52
779.63
776.40
762.00
750.75
761.61
773.99
798.08
769.82
786.16
776.40
776.40
781.05
772.00
755.29
785.75
783.49
777.60
747.01
768.44
762.58
770.81
779.22
773.99
760.07
760.07
765.11
759.30
765.89
799.36
766.28
794.07
770.81
785.55
766.48
757.38
792.81
773.59
777.00
777.00
749.06
759.30
773.59
782.47
776.00
772.00
746.83
762.97
764.33
780.03
798.93
768.84
784.31
784.31
780.23
784.72
764.92
761.23
788.64
778.21
774.79
755.48
753.58
782.27
761.81
776.00
773.40
773.40
763.94
774.99
770.02
769.43
788.44
744.05
774.79
791.56
791.35
766.48
764.53
783.49
783.49
776.60
765.31
765.31
758.15
781.86
766.87
759.69
769.43
760.65
768.64
774.39
769.43
790.93
790.93
757.00
778.61
790.51
789.06
769.23
768.84
782.27
779.63
761.42
770.61
759.30
776.80
773.99
773.99
756.43
770.22
759.11
757.00
768.84
780.84
798.93
772.20
776.00
779.22
776.00
764.92
770.02
770.02
782.47
775.19
776.80
767.46
773.00
760.26
771.21
747.20
774.19
773.40
773.00
773.79
773.59
773.59
776.60
750.94
783.90
786.58
794.28
757.96
778.61
769.03
777.00
782.68
760.07
770.81
753.39
753.39
767.85
761.42
767.66
774.79
775.59
772.40
782.27
786.58
754.34
774.59
778.82
785.34
778.61
778.61
771.80
773.99
776.00
785.34
755.29
769.82
756.81
754.53
770.81
772.00
768.84
782.47
782.47
762.20
765.50
775.80
759.11
794.28
793.65
774.79
775.59
771.21
774.39
780.84
782.27
753.77
753.77
775.80
756.62
759.49
767.46
774.39
773.40
776.40
759.88
769.82
777.00
758.73
794.91
785.75
785.75
778.61
772.80
766.09
779.63
778.82
781.05
754.91
771.21
757.38
761.61
772.40
778.82
773.40
773.40
768.64
755.48
759.49
789.68
767.66
791.56
786.16
773.59
772.00
768.44
778.01
777.20
784.11
784.11
756.62
762.58
757.96
766.28
777.20
781.66
771.01
763.36
756.62
757.96
791.14
772.20
790.10
790.10
784.31
776.80
769.63
765.70
777.20
786.58
773.40
762.20
760.26
751.88
776.40
774.59
780.84
780.84
770.61
760.07
760.46
760.65
796.60
769.23
793.86
776.00
781.05
768.44
764.14
785.13
786.99
786.99
773.40
758.15
760.07
756.81
781.05
773.59
778.41
765.70
756.05
760.84
763.94
800.43
800.43
766.48
791.14
778.01
778.01
773.20
759.88
784.31
792.60
769.43
754.34
767.85
755.10
778.01
778.01
779.42
772.40
761.81
750.00
757.19
771.80
797.87
767.46
785.13
777.60
781.25
772.80
756.24
756.24
785.75
784.93
775.19
749.44
768.84
763.36
773.79
783.09
771.41
758.53
755.86
752.82
774.99
774.99
800.64
771.41
783.90
781.45
778.82
770.22
755.86
784.52
776.20
776.40
747.94
759.88
768.64
768.64
783.70
779.63
768.84
744.79
766.09
762.39
781.45
794.91
767.85
788.85
777.60
786.99
764.72
764.72
761.23
788.44
779.83
778.82
753.39
752.82
782.27
774.59
780.03
770.42
746.64
761.42
756.62
756.62
785.96
799.15
770.61
781.86
780.64
779.42
769.23
761.61
790.10
771.60
776.40
765.50
765.50
759.49
785.96
770.81
763.94
771.60
758.73
763.75
767.66
764.92
795.33
759.11
782.27
780.03
780.03
789.27
770.42
762.20
790.93
768.05
768.84
768.44
760.65
781.25
773.59
759.49
770.02
758.34
758.34
757.38
767.07
780.23
801.71
773.00
776.80
780.03
774.99
764.33
771.01
781.45
774.59
770.61
770.61
765.50
775.80
760.46
775.59
754.53
762.20
777.00
769.82
778.82
778.41
785.96
753.96
771.41
771.41
785.96
786.78
772.60
768.25
782.06
779.22
774.39
763.94
768.44
774.19
772.00
762.39
767.07
767.07
760.65
761.42
763.75
776.20
791.14
761.23
780.64
788.02
783.90
766.48
775.80
768.84
783.90
783.90
780.64
757.00
771.80
758.53
763.94
761.81
775.59
773.79
777.20
761.42
769.23
770.02
761.61
761.61
793.23
789.47
777.20
771.60
766.48
781.45
782.47
782.47
759.11
758.34
766.09
761.42
761.42
763.16
786.37
775.59
770.42
758.53
757.19
786.78
764.14
790.51
790.93
777.00
775.19
773.99
773.99
772.40
779.22
784.11
755.67
767.26
758.73
761.61
773.79
780.64
773.79
769.03
755.67
758.34
758.34
789.68
766.68
785.96
787.82
779.22
773.79
770.61
771.60
785.34
779.42
762.00
759.88
761.42
761.42
766.09
774.99
781.66
769.03
762.97
759.88
756.05
794.07
771.21
787.82
782.06
776.00
770.02
770.02
769.23
782.88
782.47
778.21
757.38
762.39
755.67
773.00
776.40
780.44
772.00
762.78
759.69
759.69
760.65
789.89
772.20
791.56
779.83
780.23
765.50
769.03
787.19
784.52
775.19
753.96
758.34
758.34
766.68
771.80
777.81
781.66
764.72
759.30
758.53
761.42
800.43
766.68
796.18
770.22
779.22
779.22
771.80
762.97
793.02
785.75
766.28
753.39
762.97
762.00
778.01
780.44
780.84
