549.85
1224.49
1252.09
582.30
1345.29
1310.04
550.66
1209.68
1165.50
577.59
1192.37
1355.01
583.88
1279.86
1395.35
552.28
1213.59
1220.50
578.48
1392.76
1275.51
549.45
1223.49
1131.22
578.93
1202.89
1351.35
578.70
1302.08
1377.41
563.27
1227.50
1215.56
578.03
1391.47
1277.68
558.66
1207.73
1154.73
579.15
1224.49
1379.94
572.74
1314.64
1371.12
556.79
1255.23
1206.76
576.92
1400.56
1307.76
560.75
1190.48
1147.67
575.59
1207.73
1419.11
566.89
1295.34
1369.86
1416.43
1255.23
569.26
1274.43
1425.86
564.97
1438.16
1200.96
623.44
1242.75
1202.89
560.54
1350.14
1258.39
550.86
1357.47
1222.49
586.17
1269.04
1361.16
571.43
1420.45
1227.50
618.05
1241.72
1212.61
561.17
1332.15
1302.08
550.46
1416.43
1220.50
584.80
1278.77
1359.93
569.26
1425.86
1214.57
630.52
1229.51
1204.82
553.71
1392.76
1258.39
553.91
1376.15
1219.51
580.72
1312.34
1357.47
561.38
1435.41
1223.49
632.38
1247.92
1191.42
551.88
1396.65
1276.60
555.76
1353.79
1205.79
582.98
1306.62
1387.60
559.91
1404.49
574.27
629.46
1259.45
577.59
1345.29
1392.76
585.02
1429.93
1391.47
588.93
1283.15
1280.96
563.49
1390.18
1372.37
574.49
1223.49
1282.05
579.60
1345.29
1388.89
587.31
1419.11
1436.78
588.00
1274.43
1278.77
567.97
1361.16
1397.95
572.96
1205.79
1258.39
582.75
1329.79
1350.14
589.62
1424.50
1421.80
597.61
1264.76
1260.50
565.18
1358.70
1434.03
566.47
1235.58
1256.28
587.77
1373.63
1340.48
583.88
1399.25
1378.68
594.77
1241.72
1270.11
562.01
1407.13
1460.56
1330.97
1220.50
1227.50
1229.51
1387.60
547.85
1311.19
1361.16
584.34
1163.69
1287.55
591.02
1378.68
1431.30
564.97
1401.87
1230.52
594.06
1220.50
1378.68
558.66
1311.19
1344.09
598.80
1152.07
1285.35
590.55
1350.14
1439.54
562.43
1407.13
1247.92
597.13
1222.49
1361.16
560.33
1306.62
1387.60
590.32
1161.89
1275.51
600.72
1351.35
1411.10
564.12
1376.15
558.87
593.82
1221.50
1332.15
1388.89
1259.45
551.07
1199.04
1149.43
582.07
1190.48
1379.94
574.93
1312.34
1391.47
560.96
1232.54
1191.42
573.83
1390.18
1283.15
562.01
1176.47
1133.79
579.82
1206.76
1387.60
571.43
1312.34
1377.41
554.73
1266.89
1174.63
575.59
1407.13
1311.19
558.87
1193.32
1150.31
574.71
1213.59
1419.11
566.04
1306.62
1378.68
554.12
1248.96
1224.49
572.74
1368.61
1325.09
1439.54
1238.65
621.63
1241.72
1203.85
559.91
1325.09
1299.83
548.65
1423.15
1221.50
583.20
1259.45
1352.57
566.25
1412.43
1224.49
626.04
1244.81
1197.13
559.08
1382.49
1278.77
550.46
1401.87
1230.52
584.11
1293.10
1326.26
564.55
1425.86
1200.00
629.72
1224.49
1196.17
554.73
1381.22
1332.15
554.32
1376.15
1215.56
582.75
1305.48
1386.32
564.55
1434.03
1227.50
629.99
1256.28
579.60
1314.64
1391.47
579.37
1431.30
1348.92
591.95
1289.77
1302.08
563.70
1394.05
1392.76
575.15
1230.52
1282.05
573.39
1327.43
1401.87
586.62
1424.50
1395.35
589.39
1275.51
1278.77
563.91
1374.89
1376.15
573.83
1200.00
1261.56
579.60
1328.61
1383.76
585.94
1413.76
1434.03
592.65
1264.76
1257.33
566.89
1346.50
1442.31
565.18
1245.85
1260.50
1204.82
1351.35
554.53
1298.70
1425.86
596.66
1157.41
1271.19
595.47
1413.76
1390.18
568.61
1345.29
1239.67
598.09
1239.67
1368.61
552.08
1319.26
1385.04
593.59
1168.22
1265.82
592.42
1400.56
1443.70
568.61
1359.93
1217.53
596.66
1216.55
1386.32
546.85
1319.26
1341.68
596.90
1170.05
1286.45
1203.85
1362.40
1442.31
1262.63
1401.87
549.05
1221.50
1251.04
582.75
1333.33
1289.77
552.28
1215.56
1148.55
578.26
1190.48
1355.01
581.17
1282.05
1407.13
554.53
1206.76
1212.61
575.15
1364.88
1302.08
549.25
1208.70
1159.20
579.15
1215.56
1357.47
576.70
1305.48
1381.22
559.70
1225.49
1210.65
578.03
1397.95
1276.60
1376.15
1205.79
631.84
1283.15
1223.49
550.66
1397.95
1308.90
554.53
1420.45
1252.09
574.71
1269.04
1408.45
555.97
1386.32
1170.96
631.58
1269.04
1201.92
556.59
1339.29
1300.95
555.14
1407.13
1262.63
567.97
1272.26
1423.15
566.04
1446.48
1208.70
623.44
1237.62
1201.92
559.28
1355.01
1260.50
550.46
1359.93
1221.50
583.66
1257.33
1364.88
570.34
1424.50
577.15
621.89
1225.49
585.71
1378.68
1329.79
579.15
1368.61
1399.25
593.12
1299.83
1274.43
555.76
1443.70
1413.76
575.37
1229.51
1224.49
585.94
1377.41
1388.89
585.48
