2118.64
2013.42
2212.39
2377.18
2613.24
519.57
2225.52
1973.68
506.07
2109.70
2283.10
212.07
2622.38
1882.06
1948.05
512.82
2089.14
2183.41
2626.97
2697.84
1930.50
1863.35
2018.84
1872.66
2242.15
219.62
212.83
1805.05
504.03
2029.77
1849.57
2097.90
2192.98
2707.58
2487.56
519.57
1877.35
2046.38
505.56
2183.41
2678.57
2742.23
1750.29
2202.64
2049.18
502.34
2186.59
2235.47
210.50
2595.16
1820.39
1994.68
504.03
2077.56
2215.66
2659.57
2722.32
1997.34
1943.01
1997.34
1950.59
2136.75
222.32
211.77
1783.59
2167.63
1955.67
1965.92
2186.59
2209.13
2683.36
2512.56
518.67
1968.50
2130.68
2027.03
2060.44
2742.23
2546.69
520.47
2205.88
1937.98
510.03
2127.66
2242.15
211.39
2487.56
1807.23
1893.94
509.16
2027.03
2248.88
2551.02
2702.70
1989.39
1903.55
1973.68
1893.94
2196.19
220.95
211.42
1805.05
501.17
1920.61
1955.67
2097.90
2300.61
2415.46
2659.57
514.58
1845.02
2127.66
504.37
2209.13
2533.78
2650.18
1838.24
2242.15
2032.52
497.68
2021.56
2225.52
2702.70
2590.67
1854.14
514.58
2149.00
2066.12
2235.47
2814.26
2757.35
1935.48
505.22
1984.13
1845.02
504.20
2255.64
210.53
1768.87
1849.57
2002.67
1884.42
495.87
2222.22
2688.17
2595.16
1948.05
1884.42
2051.98
1940.49
2109.70
2664.30
437.83
1785.71
2180.23
513.70
1932.99
2167.63
2161.38
2697.84
2508.36
1822.60
521.20
2016.13
2089.14
494.56
2712.48
2626.97
2000.00
2196.19
1925.55
1867.99
496.36
2180.23
212.22
488.44
1829.27
1973.68
1965.92
2092.05
2202.64
2693.00
478.62
1955.67
1925.55
505.22
1905.97
2103.79
2586.21
211.66
1818.18
2225.52
507.61
1963.35
2115.66
2242.15
2459.02
2538.07
1807.23
1901.14
2092.05
2046.38
499.67
2479.34
2613.24
525.03
2225.52
2029.77
1820.39
2077.56
2290.08
211.74
2636.20
1773.05
1976.28
513.17
2060.44
2340.09
2516.78
2640.84
1918.16
1863.35
2024.29
1851.85
2235.47
219.30
211.48
1842.75
508.82
2000.00
1923.08
2145.92
2255.64
2762.43
2586.21
514.05
1879.70
2092.05
506.93
2180.23
2793.30
2788.10
1792.11
2161.38
2046.38
498.84
2205.88
2238.81
211.74
2546.69
1861.04
2000.00
502.34
2024.29
2199.41
2599.65
2707.58
1948.05
508.99
1937.98
1937.98
2094.97
2155.17
211.42
1785.71
497.68
1950.59
1923.08
502.01
2209.13
2640.84
2546.69
1992.03
1955.67
2010.72
505.73
2106.74
2617.80
435.92
1762.63
2170.77
1953.13
1963.35
2155.17
2248.88
2673.80
2521.01
1820.39
519.03
2092.05
2038.04
2238.81
2613.24
2673.80
1968.50
514.58
1992.03
1896.33
499.50
2252.25
211.33
497.35
1807.23
1872.66
1937.98
2024.29
2290.08
2479.34
479.69
1955.67
1882.06
2124.65
1842.75
2205.88
2377.18
212.16
1815.98
2272.73
513.35
1943.01
2080.44
2276.18
2491.69
2650.18
1831.50
1838.24
2167.63
2092.05
501.00
2516.78
2722.32
512.82
2192.98
2013.42
1827.04
2051.98
2238.81
210.91
497.35
1865.67
2029.77
505.56
2068.97
2209.13
2782.93
2793.30
1886.79
1867.99
516.53
1898.73
2173.91
219.68
210.26
1726.12
500.50
2008.03
1886.79
2167.63
2199.41
2640.84
2559.73
520.11
1923.08
2049.18
506.76
2100.84
2678.57
2693.00
1768.87
2167.63
1923.08
508.82
2136.75
2183.41
211.21
2516.78
1833.74
1948.05
2063.27
2008.03
2218.93
2626.97
2546.69
1948.05
514.05
1971.09
1937.98
498.84
2252.25
211.69
1822.60
1802.88
1930.50
1981.51
494.56
2286.59
2636.20
476.80
1958.22
1879.70
2103.79
1875.00
2106.74
2586.21
431.41
1773.05
2248.88
510.55
1950.59
2077.56
2297.09
2446.98
2631.58
1813.78
515.64
2077.56
2016.13
503.69
2443.00
2568.49
521.74
2215.66
1958.22
1901.14
2092.05
2215.66
212.34
492.45
1861.04
1935.48
1960.78
2086.23
2158.27
2688.17
2669.04
1898.73
1870.32
520.47
1896.33
2235.47
219.36
211.09
1789.98
2152.08
2002.67
1920.61
2161.38
2235.47
2762.43
2467.11
523.01
1879.70
2051.98
2054.79
2164.50
2712.48
2757.35
513.00
2177.07
2046.38
500.00
2136.75
2209.13
210.14
2636.20
1820.39
1986.76
503.36
2046.38
2199.41
2590.67
2712.48
2010.72
1953.13
1978.89
1913.27
2106.74
220.33
211.33
1766.78
501.00
1963.35
1943.01
2196.19
2235.47
2659.57
2529.51
518.85
1958.22
2071.82
508.65
2066.12
2645.50
2631.58
1815.98
2189.78
1932.99
510.03
2145.92
2238.81
210.97
2487.56
1783.59
1905.97
2089.14
2005.35
2245.51
2564.10
2604.17
1976.28
515.29
2002.67
1877.35
498.34
2262.44
210.94
1777.25
1789.98
1901.14
1918.16
493.10
2272.73
2475.25
481.08
1863.35
1851.85
2142.86
1854.14
2242.15
2538.07
212.83
1792.11
2212.39
516.17
1901.14
2127.66
2259.04
2551.02
2608.70
1838.24
1875.00
2136.75
2080.44
500.83
2717.39
2747.25
508.99
2139.80
1981.51
1851.85
2133.71
2215.66
210.73
496.03
1861.04
2027.03
505.22
2046.38
2218.93
2673.80
2747.25
1958.22
1889.17
513.35
1910.83
2167.63
220.04
210.35
1758.50
2196.19
1994.68
1925.55
2161.38
2164.50
2678.57
2508.36
519.75
1940.49
1989.39
2049.18
2112.68
2732.24
2590.67
1758.50
2161.38
1958.22
509.16
2145.92
2192.98
210.94
2546.69
1818.18
1968.50
2066.12
2106.74
2248.88
2702.70
2622.38
1953.13
516.88
1925.55
1901.14
2080.44
2192.98
212.04
1809.41
502.01
1886.79
1923.08
501.00
2245.51
2568.49
2546.69
2002.67
1915.71
2094.97
504.71
2173.91
2340.09
432.65
1787.84
2269.29
1992.03
1925.55
2054.79
2252.25
2351.10
2645.50
1783.59
514.23
2136.75
2071.82
2269.29
2508.36
2636.20
1905.97
2173.91
2016.13
1840.49
503.02
2248.88
211.15
495.05
1820.39
2018.84
1901.14
2071.82
2215.66
2722.32
484.50
1908.40
1877.35
519.57
1886.79
2209.13
2762.43
210.97
1787.84
2170.77
515.82
1865.67
2109.70
2248.88
2669.04
2590.67
1847.29
1918.16
2054.79
2046.38
498.67
2608.70
2757.35
513.87
2196.19
1963.35
1932.99
2189.78
2139.80
211.33
495.54
1824.82
1953.13
503.36
2032.52
2164.50
2659.57
2608.70
1981.51
1932.99
506.59
1940.49
2057.61
220.69
212.10
1756.44
501.00
1950.59
1976.28
2136.75
2262.44
2622.38
2516.78
516.00
1923.08
2054.79
507.10
2063.27
2551.02
2673.80
1807.23
2222.22
1958.22
506.76
2112.68
2235.47
211.89
2551.02
1809.41
1879.70
2094.97
2035.28
2304.15
2454.99
2636.20
1937.98
513.00
2040.82
1838.24
2149.00
2286.59
211.71
1835.99
1798.56
1945.53
1896.33
492.93
2293.58
2439.02
2595.16
1865.67
1861.04
2173.91
1815.98
2186.59
2516.78
432.53
1856.44
2196.19
515.82
1901.14
2133.71
2248.88
2747.25
2608.70
1840.49
519.39
2080.44
2077.56
500.67
2747.25
2777.78
1891.55
2149.00
2060.44
1920.61
504.20
2225.52
210.56
495.05
1829.27
2010.72
1865.67
2068.97
2242.15
2673.80
480.92
2000.00
1918.16
511.25
1913.27
2130.68
2599.65
211.21
1740.14
2177.07
514.23
1889.17
2186.59
2192.98
2577.32
2568.49
514.76
1963.35
1997.34
2094.97
2115.66
2654.87
2678.57
520.83
2167.63
1973.68
508.65
2161.38
2228.83
211.98
2508.36
1802.88
1928.02
509.51
2035.28
2259.04
2631.58
2645.50
1978.89
1896.33
1965.92
1910.83
2080.44
221.34
211.54
1792.11
500.17
1898.73
1943.01
2080.44
2297.09
2431.12
2617.80
1930.50
1863.35
2094.97
502.51
2228.83
2431.12
431.90
1779.36
2255.64
1965.92
1968.50
2080.44
2238.81
2529.51
2595.16
1863.35
515.64
2112.68
2103.79
2167.63
2693.00
2673.80
1903.55
507.10
2005.35
1851.85
500.50
2189.78
211.36
492.61
1882.06
2018.84
1872.66
2100.84
2189.78
2697.84
482.16
1971.09
1867.99
2086.23
1915.71
2152.08
2659.57
210.67
1728.11
2212.39
516.35
1891.55
2155.17
2222.22
2645.50
2640.84
1815.98
1918.16
2038.04
2060.44
495.38
2626.97
2688.17
520.83
2161.38
1968.50
1915.71
2189.78
2209.13
211.39
489.72
1858.74
1973.68
504.03
2054.79
2186.59
2631.58
2617.80
1958.22
1965.92
1950.59
1935.48
2057.61
220.72
211.54
1824.82
501.00
1889.17
2005.35
2142.86
2202.64
2752.29
2512.56
519.21
1875.00
2077.56
502.01
2136.75
2568.49
2659.57
1800.72
2242.15
2016.13
506.76
2094.97
2290.08
211.18
2631.58
1802.88
1963.35
2109.70
2027.03
2235.47
2403.85
2599.65
1925.55
509.51
1994.68
1879.70
495.70
2212.39
213.10
1781.47
1815.98
1960.78
1910.83
495.87
2262.44
2595.16
484.65
1882.06
1867.99
2115.66
1856.44
2225.52
2717.39
434.28
1822.60
2130.68
515.82
1867.99
2121.64
2225.52
2772.64
2551.02
1875.00
521.56
2097.90
2049.18
498.17
2683.36
2762.43
1925.55
2164.50
2010.72
1903.55
503.02
2209.13
210.61
492.93
1798.56
1981.51
1893.94
2000.00
2186.59
2693.00
2697.84
1986.76
1932.99
511.25
1925.55
2115.66
2683.36
211.30
1762.63
2167.63
1918.16
1973.68
2164.50
2209.13
2762.43
2559.73
517.60
1953.13
2083.33
2074.69
2040.82
2702.70
2568.49
522.28
2248.88
1932.99
507.10
2139.80
2228.83
212.80
2471.17
1827.04
1905.97
508.13
2127.66
2255.64
2581.76
2688.17
1986.76
1930.50
1976.28
1870.32
2183.41
221.70
211.63
1800.72
501.50
1935.48
1965.92
2097.90
2297.09
2369.67
2626.97
516.17
1824.82
2161.38
501.00
2245.51
2504.17
2650.18
1805.05
2199.41
2021.56
501.84
2080.44
2265.86
2688.17
2586.21
1813.78
514.93
2118.64
2092.05
2238.81
2659.57
2727.27
1908.40
501.50
1997.34
1870.32
504.88
2189.78
210.82
495.54
1872.66
2013.42
1889.17
2040.82
2199.41
2654.87
477.71
1950.59
1910.83
2046.38
1918.16
2161.38
2608.70
210.47
