1181.57
1136.36
607.53
1249.48
1163.24
1158.75
1234.06
1135.07
595.95
609.26
396.98
1265.29
593.00
1125.70
1241.72
608.40
1134.64
1097.29
571.65
1156.07
1161.44
1111.93
1160.54
1173.25
605.20
397.30
1283.15
1151.63
394.89
1257.33
1145.91
598.80
389.26
1142.86
598.56
394.79
1113.17
1255.23
1179.25
1142.42
601.81
1284.25
1136.36
1149.43
1232.03
1147.67
601.56
1109.47
1141.55
1283.15
598.44
1137.66
1229.51
1145.91
1124.86
1105.38
1140.25
1158.30
1148.11
1140.68
1145.04
1189.06
606.06
1139.82
1279.32
599.28
398.46
1232.03
597.85
1114.00
1107.83
1146.79
589.28
1135.50
1139.82
586.28
1185.77
1111.11
1104.97
1263.69
1162.79
619.32
1220.01
1132.50
1187.65
1106.60
1152.52
591.72
390.52
1151.19
589.85
1185.77
1124.02
390.88
583.88
1169.59
1150.31
594.06
1136.36
1187.65
1131.22
1158.75
1249.48
1164.14
1136.36
1235.08
606.06
389.61
1093.69
579.71
1168.68
1159.20
597.85
584.57
1182.03
1141.55
609.26
1263.16
1163.24
1158.75
402.58
1151.19
595.12
389.41
1149.43
597.49
1159.64
1114.83
585.14
1168.22
1128.24
1094.89
1279.86
1148.55
1156.07
606.31
387.00
1169.59
600.72
1147.23
1279.86
601.08
395.52
1249.48
600.72
393.03
1111.93
577.37
392.36
1148.55
1124.44
1140.68
1180.64
597.49
605.69
1272.26
1154.29
604.35
1238.65
1148.11
601.44
389.36
1134.64
593.94
1132.93
1142.42
1231.02
1193.79
1124.02
600.24
1271.19
1163.24
612.62
1221.50
1142.86
606.43
1109.88
396.51
1261.56
595.71
1145.48
1220.50
603.38
1102.13
1101.73
588.24
1170.96
1135.93
1151.19
386.55
1193.79
1108.24
1153.85
1263.16
593.82
401.98
1221.00
1138.09
1190.48
1105.79
1159.20
586.62
1152.52
1139.38
1223.99
1182.97
1132.08
612.49
1246.36
1167.32
622.66
400.69
1154.29
592.18
389.36
1154.73
1248.96
593.24
1126.13
1244.30
609.63
1131.65
1104.97
1154.29
1165.05
1160.99
1121.50
388.45
1168.22
1128.67
1152.52
1263.69
596.66
397.93
1253.13
603.14
390.47
1107.01
1148.99
597.85
1159.64
1110.29
1248.44
1165.50
1133.79
608.03
397.09
1149.43
609.01
1243.78
1150.75
1169.59
1106.19
1142.42
1280.96
1151.19
1133.36
1236.60
1187.65
1142.42
1105.38
581.62
1152.07
1142.86
1140.25
1153.85
1190.48
1138.52
1142.86
1282.05
598.44
397.61
1228.50
1142.86
1125.28
1101.32
584.68
1172.33
1140.68
1138.95
584.57
1190.00
1109.06
1100.92
1271.19
1165.95
1143.29
404.04
1137.66
1190.00
1100.11
1159.20
582.52
1141.12
1140.68
1223.49
1190.48
1115.24
605.94
400.91
1170.50
1141.55
1146.35
1132.50
1185.77
1122.33
1157.85
1261.03
590.43
1144.60
1220.50
1135.07
389.16
1103.35
585.02
1164.14
1156.96
594.65
1148.11
1185.30
602.29
611.12
1244.30
1163.69
625.00
1236.60
1160.09
1176.93
1103.75
1149.87
1253.66
1161.89
1117.73
1237.11
1170.50
1132.93
613.87
1266.36
1159.64
619.58
1239.67
1160.09
1166.41
1129.52
1141.55
1282.05
595.71
1109.88
1256.81
602.89
1138.52
1095.29
582.75
1142.86
1152.96
609.38
1140.68
1172.33
596.42
1138.52
1278.77
1147.67
604.59
1249.48
1140.25
1178.78
387.50
1137.66
595.59
393.65
1144.16
579.82
397.72
1137.66
600.96
1279.32
1151.19
1144.60
408.50
1143.73
603.38
1117.32
1149.43
1271.19
596.18
396.98
1230.01
597.61
1115.66
1101.32
585.82
1169.59
1139.82
608.15
1137.66
1186.24
607.41
1148.55
1263.69
594.77
402.52
1216.55
602.29
596.30
1106.19
1158.30
591.37
1143.73
1147.67
590.09
1188.59
1122.75
607.04
1247.40
1170.05
627.75
398.94
1132.50
592.42
391.34
1152.52
593.82
591.83
1135.50
1229.51
607.53
1138.95
1094.89
575.93
1165.05
1155.62
1126.13
385.75
1177.86
603.50
1151.63
1263.16
594.41
1121.91
1240.18
1145.91
1135.07
1094.09
1148.99
596.18
1157.85
1110.70
585.25
1170.05
1126.13
613.75
1282.05
1155.62
1158.30
1254.71
1150.75
598.68
1097.69
1140.25
1278.23
1151.19
1115.24
583.77
598.92
1146.35
1104.16
585.59
1138.95
1145.91
612.75
385.60
1182.97
596.66
393.96
1280.96
1152.07
1136.36
1232.03
595.36
391.85
1106.19
580.27
1158.30
1132.93
1139.82
1236.09
1193.79
1129.52
599.64
1273.89
1160.99
612.75
408.33
1143.73
608.27
1099.71
1156.07
587.43
1141.55
1146.35
581.96
1187.18
1105.79
1100.11
589.62
1170.05
1138.95
605.82
1138.52
1196.17
1103.75
1156.96
1259.97
591.13
403.55
1217.53
605.82
389.05
1105.79
585.14
1166.86
1142.86
1137.23
1139.82
1187.65
1138.09
604.35
1256.28
1165.50
1155.18
1244.30
1134.22
1181.10
1095.29
1152.07
596.78
391.39
1123.17
587.66
1173.71
1128.67
603.02
1255.76
1155.62
619.07
405.30
1152.96
1163.24
602.65
399.95
1256.28
1155.18
1114.83
1253.13
1155.62
1127.82
1114.00
570.45
1156.96
1160.54
606.43
1147.23
1163.24
1134.64
1147.23
1280.96
1146.79
606.67
1247.40
1149.43
1165.05
1109.06
1138.95
598.80
394.32
1124.86
1234.06
1174.63
1134.64
610.13
1277.14
1145.04
604.72
408.94
1152.52
602.05
602.65
1128.67
1283.15
600.60
395.99
1235.58
599.40
1118.99
1105.79
583.77
1162.79
1135.50
1141.99
1148.11
1190.95
604.84
1141.55
1275.51
598.80
1141.99
1231.53
601.81
599.28
1106.60
1148.11
589.51
392.62
1140.68
588.47
1182.03
1114.83
602.89
1261.56
1166.86
609.76
1228.50
1131.22
594.29
1102.54
1157.85
589.28
592.89
1140.25
1238.65
606.92
389.26
1098.50
584.23
1167.32
1143.29
595.47
1146.79
1182.97
607.66
1151.19
1258.39
591.83
1128.67
1247.92
601.68
1131.22
1091.31
1152.96
600.72
1153.85
1126.55
583.09
1174.63
1127.40
1092.90
1267.43
1157.85
616.52
406.67
1151.19
1172.33
388.60
1143.29
1283.70
392.77
1114.00
583.43
1169.13
1138.95
1102.13
578.59
1147.23
1158.30
610.38
385.26
1169.13
598.44
394.22
1277.68
1146.35
1129.94
1247.40
1146.35
1134.22
1106.60
579.71
1153.40
1143.29
1136.36
1145.91
1188.12
1128.24
604.84
1281.50
1158.30
603.26
1236.09
1146.79
600.24
390.37
1143.73
590.67
1138.95
1138.09
1230.01
1189.53
1109.06
1100.92
1267.96
1167.32
606.06
1235.08
1135.93
1182.50
606.55
1154.73
1255.76
597.97
1139.38
1232.03
600.72
388.40
1107.01
584.45
1166.86
1128.67
603.50
1129.52
1182.50
605.33
1102.94
1259.45
1162.34
617.28
405.08
1127.82
1182.97
1099.30
1153.85
596.66
1140.25
1136.36
584.23
1184.37
1139.82
601.81
1261.03
1160.54
1148.99
402.04
1142.42
593.00
1133.79
1153.85
1263.16
592.53
399.79
1250.00
1151.19
390.32
1089.72
577.03
1156.96
1156.07
1117.73
1152.07
1173.25
390.62
397.83
1280.96
597.37
1107.01
1255.23
1144.16
1167.77
388.70
1144.16
596.66
1152.96
1108.24
582.98
1170.50
1141.99
603.86
1279.32
1143.29
605.69
1238.65
1140.25
1181.10
1107.42
1140.68
1280.96
599.76
397.19
1234.06
600.24
1143.29
1104.16
586.51
1151.63
1142.86
615.89
1142.86
1189.53
1118.99
1137.66
1278.77
1176.01
1138.52
1236.60
598.80
1108.65
1102.13
1152.52
588.24
1139.38
1141.55
585.82
1186.24
1111.11
603.86
1261.03
1165.95
1140.68
405.73
1138.52
1186.24
389.96
1154.73
584.34
1142.42
1142.86
588.93
1186.24
1121.91
1104.16
585.37
1166.86
1147.23
1142.86
1133.36
1185.30
603.99
1159.20
1247.40
591.60
1129.09
1228.50
609.01
388.45
1098.10
577.92
394.37
1159.20
1124.86
586.17
398.25
1133.36
1091.70
1256.28
1156.96
618.43
406.50
1147.67
596.90
1080.69
1148.11
596.90
1161.44
1114.41
588.81
1172.33
1125.70
1108.65
1274.97
1155.18
1158.30
605.94
388.00
1166.86
1123.60
1139.38
1284.80
600.84
1116.90
1243.78
1153.40
392.41
1110.29
575.82
1148.11
1152.96
611.00
1146.35
1176.93
1138.09
607.16
1272.80
1148.55
605.08
408.55
1148.99
600.48
1104.97
1130.37
