2341.92
2302.38
1163.69
6000.00
2502.08
1233.55
2274.45
2302.38
1214.57
2313.03
2970.30
2581.76
1222.99
2274.45
2313.03
1253.66
2291.83
2695.42
2862.60
1217.53
2360.35
2382.84
1261.56
2302.38
2559.73
4005.34
1201.44
2360.35
2291.83
1273.34
2467.11
2264.15
2938.30
1153.85
2371.54
2284.84
1239.16
2371.54
2352.94
1163.24
6000.00
2454.99
2362.20
1244.81
2302.38
2274.45
1180.64
2955.67
2595.16
2392.34
1258.92
2283.10
2533.78
1231.02
2803.74
2822.20
1217.53
1255.76
2341.92
2332.81
1264.76
2570.69
5940.59
1176.01
1239.16
2274.45
2362.20
1214.57
2255.64
2892.96
1141.99
1244.30
2302.38
2311.25
1258.92
2351.10
2722.32
2777.78
1239.67
2331.00
2394.25
1255.76
2283.10
2657.22
1042.39
2617.80
2371.54
2302.38
1253.66
2425.22
2237.14
1130.37
2849.00
2392.34
2311.25
1262.10
2371.54
2341.92
1173.71
5952.38
2479.34
1231.02
1247.40
2302.38
2293.58
1223.49
2938.30
2570.69
1225.99
2283.10
2274.45
2457.00
1233.55
2654.87
2846.30
1203.85
2423.26
2362.20
2331.00
1264.76
2631.58
3891.05
1204.34
2371.54
2321.98
1255.76
1217.04
2283.10
3003.00
1146.35
2380.95
2255.64
1244.81
2362.20
2321.98
2683.36
1163.24
2467.11
2351.10
1250.00
2331.00
2274.45
2595.16
2892.96
2657.22
2403.85
1247.40
2274.45
2512.56
1220.01
2806.36
2734.73
2392.34
1259.45
2351.10
2313.03
1261.56
2570.69
6000.00
2435.06
1233.55
2302.38
2341.92
1220.50
2274.45
2892.96
2671.42
1262.10
2264.15
2302.38
1258.92
2331.00
2722.32
1005.03
2362.20
2283.10
2392.34
1255.76
2313.03
2606.43
5952.38
2570.69
2413.52
2341.92
1262.10
2425.22
2237.14
1132.50
2790.70
2435.06
1247.92
1258.92
2403.85
2321.98
1170.96
5940.59
2467.11
1217.04
2321.98
2321.98
2255.64
1228.00
2938.30
2523.13
1236.60
2291.83
2304.15
2467.11
1236.60
2695.42
2806.36
1209.19
2382.84
2371.54
1273.34
1262.10
2669.04
5940.59
1199.04
2373.42
2302.38
1264.22
2444.99
2302.38
3021.15
1146.79
2392.34
2274.45
1250.52
2321.98
2313.03
1139.82
1158.75
2413.52
2341.92
1264.76
2321.98
2283.10
1199.04
2906.98
2680.97
2371.54
1256.28
2255.64
2500.00
1239.16
2762.43
2775.21
2403.85
1244.81
2371.54
2341.92
1262.10
2581.76
3783.10
1196.17
1228.00
2293.58
2341.92
1209.68
2304.15
2938.30
1156.07
2341.92
2274.45
2265.86
1267.43
2332.81
2734.73
1025.29
2380.95
2313.03
2351.10
1250.52
2272.73
2595.16
1063.08
2620.09
2392.34
1261.56
1285.35
2454.99
2274.45
1132.50
2749.77
2435.06
1239.16
2380.95
2331.00
2341.92
1175.55
6000.00
2423.26
1206.76
2293.58
2340.09
2265.86
1225.49
2851.71
2620.09
1236.60
2293.58
2371.54
2423.26
1239.16
2645.50
2879.08
1231.02
2352.94
2371.54
1279.32
1270.65
2595.16
5940.59
1186.24
2371.54
2274.45
1273.34
2467.11
2304.15
2941.18
1158.75
2433.09
2274.45
1279.32
2321.98
2331.00
1132.50
1160.99
2413.52
2403.85
1250.52
2341.92
2302.38
1199.04
3003.00
2620.09
2360.35
1244.81
2255.64
2446.98
1236.60
2722.32
2762.43
1206.76
1234.06
2352.94
2352.94
1247.40
2512.56
3636.36
1181.10
2425.22
2304.15
2321.98
1209.19
2340.09
2923.98
1163.69
2413.52
2311.25
1236.60
1242.24
2362.20
2790.70
1057.08
2401.92
2332.81
1239.67
1291.43
2274.45
2583.98
1063.08
2657.22
2360.35
1258.92
2302.38
2457.00
2264.15
1148.99
2803.74
2413.52
1244.81
2341.92
2341.92
1258.92
2620.09
5940.59
2413.52
1217.53
2302.38
2332.81
1222.49
2283.10
2862.60
2606.43
1242.24
2302.38
2341.92
1255.76
2331.00
2669.04
2832.86
1228.50
2352.94
2382.84
1271.19
2274.45
2595.16
5940.59
2570.69
2380.95
2274.45
1262.10
2444.99
2264.15
1130.37
2762.43
2479.34
2264.15
1273.34
2352.94
2302.38
1151.63
5940.59
2467.11
1220.01
2274.45
2321.98
2321.98
1196.17
2988.05
2568.49
1225.49
2283.10
2293.58
2423.26
1250.00
2669.04
2803.74
1217.53
2373.42
2392.34
1273.34
1253.13
2570.69
3807.11
1180.64
2413.52
2283.10
1267.43
1220.01
2321.98
2892.96
1156.07
2413.52
2291.83
1242.24
2321.98
2392.34
2777.78
1039.14
2435.06
2341.92
1242.24
2321.98
2264.15
1173.25
2988.05
2559.73
2362.20
1262.10
2302.38
2467.11
1231.02
2737.23
2846.30
2360.35
1241.72
2340.09
2331.00
1273.34
2606.43
6000.00
2392.34
1228.50
2293.58
2331.00
1222.99
2284.84
2895.75
1149.43
1231.02
2321.98
2331.00
1255.76
2332.81
2722.32
1062.70
2425.22
2371.54
2362.20
1262.10
2284.84
2620.09
6000.00
2631.58
2401.92
1228.50
1255.76
2457.00
2264.15
1141.55
2835.54
2392.34
1253.13
1270.65
2341.92
2293.58
1168.68
6000.00
2477.29
1239.16
2265.86
2311.25
2291.83
1204.34
2973.24
2570.69
1222.49
2264.15
2274.45
2444.99
1242.24
2683.36
2849.00
1220.01
2382.84
2362.20
1267.96
1250.52
2583.98
4126.55
1199.04
2371.54
2283.10
1265.29
2467.11
2302.38
2923.98
1148.99
2371.54
2274.45
1241.72
2403.85
2331.00
1163.69
1033.06
2479.34
2341.92
1247.40
2313.03
2274.45
1181.10
2970.30
2592.91
2392.34
1258.92
2284.84
2525.25
1236.60
2764.98
2832.86
1220.01
1253.13
2331.00
2332.81
1261.56
2583.98
5952.38
1170.50
2362.20
2274.45
2331.00
1214.57
2274.45
2849.00
1141.99
2425.22
2274.45
1247.40
1258.92
2352.94
2697.84
1021.80
2392.34
2302.38
1241.72
2341.92
2274.45
2657.22
1088.14
2657.22
2371.54
1244.81
2302.38
2446.98
1220.01
1129.94
2835.54
2382.84
1258.92
2392.34
2392.34
1258.92
2592.91
5940.59
2477.29
1236.09
2274.45
2302.38
1217.53
2293.58
2941.18
2583.98
1222.49
2283.10
2255.64
1247.40
2321.98
2671.42
2803.74
1204.34
2413.52
2351.10
1279.32
2302.38
2631.58
1023.19
1204.34
2360.35
2313.03
1253.13
2425.22
2284.84
1156.07
2849.00
2341.92
2264.15
1247.92
2351.10
2304.15
1153.85
3841.23
2502.08
1239.16
1253.13
2313.03
2274.45
1186.71
2923.98
2631.58
1236.60
2304.15
2264.15
2533.78
1228.50
2790.70
2749.77
1212.12
2362.20
2341.92
2321.98
1264.22
2617.80
6000.00
1193.79
2362.20
2302.38
1271.19
1217.53
2265.86
2938.30
1141.55
2403.85
2265.86
1256.28
1253.66
2341.92
2710.03
1027.40
2351.10
2293.58
1244.81
2313.03
2293.58
2631.58
2819.55
2546.69
2435.06
1253.13
2331.00
2403.85
1231.02
2734.73
2793.30
2403.85
1255.76
2371.54
2392.34
1264.76
2606.43
5940.59
2457.00
1218.03
2311.25
2332.81
1225.49
2247.19
2909.80
1146.35
1233.55
2284.84
2274.45
1237.11
2321.98
2669.04
1204.34
2489.63
2403.85
1247.92
1273.89
2311.25
2657.22
1083.82
2595.16
2380.95
1241.72
1265.29
2423.26
2302.38
1148.99
2819.55
2371.54
1253.66
2351.10
2321.98
2302.38
1137.23
3811.94
2433.09
1239.16
2283.10
2313.03
1225.99
2283.10
2892.96
2695.42
1238.65
2265.86
2264.15
1236.60
2371.54
2749.77
2749.77
1193.79
2341.92
2351.10
1259.45
2274.45
2592.91
5940.59
1203.85
2392.34
2321.98
1267.43
2510.46
2283.10
1148.99
2790.70
2352.94
2274.45
1244.81
2321.98
2331.00
1183.43
6000.00
2403.85
1228.00
1241.72
2362.20
2302.38
1185.77
2803.74
2631.58
1242.24
2304.15
2302.38
2444.99
1225.49
2737.23
2762.43
1233.55
2313.03
2362.20
2302.38
1259.45
2657.22
5940.59
1164.14
2382.84
2274.45
1285.35
1222.49
2255.64
2819.55
1130.37
2362.20
2293.58
1258.92
2362.20
2293.58
2633.89
1199.04
2489.63
2341.92
1247.40
2304.15
2265.86
1220.50
2952.76
2606.43
2362.20
1228.00
2304.15
2467.11
1242.24
2620.09
2762.43
2467.11
1236.60
2392.34
2321.98
1250.00
2595.16
3841.23
1199.04
1231.02
2274.45
2321.98
1228.00
2293.58
3003.00
1153.85
2362.20
2237.14
2264.15
1253.66
2341.92
2710.03
1170.96
2477.29
2331.00
1261.56
1282.05
2264.15
2535.93
1048.95
2669.04
2403.85
1253.13
2255.64
2512.56
2341.92
1146.79
2762.43
2382.84
1244.81
2352.94
2321.98
2362.20
1173.25
5940.59
2382.84
1228.00
2321.98
2351.10
1220.01
2283.10
2849.00
2669.04
1253.13
2264.15
2274.45
1261.56
2313.03
2722.32
2777.78
1222.49
2332.81
2341.92
1256.28
2293.58
2620.09
5940.59
1180.64
2392.34
2284.84
1291.43
2444.99
2255.64
1123.60
2777.78
2403.85
2293.58
1247.40
2351.10
2313.03
1173.25
5940.59
2457.00
1220.01
2293.58
2331.00
2255.64
1228.00
2892.96
2535.93
1233.55
2274.45
2332.81
2444.99
1234.06
2657.22
2737.23
1203.85
2380.95
2382.84
1267.43
1262.10
2657.22
5952.38
1201.44
2371.54
2264.15
1262.10
2423.26
2302.38
3003.00
1151.19
2382.84
2255.64
1250.52
2351.10
2313.03
1139.38
4032.26
2454.99
2352.94
1253.13
2311.25
2283.10
1188.59
2909.80
2671.42
1242.24
1247.40
2247.19
2523.13
1239.16
2734.73
2722.32
1188.59
2321.98
2362.20
2351.10
1256.28
2592.91
6000.00
1196.17
2413.52
2284.84
1264.76
1212.12
2265.86
2941.18
1156.07
2362.20
2274.45
1228.00
2332.81
2331.00
2749.77
1021.80
2444.99
2351.10
1241.72
2331.00
2293.58
1196.65
2876.32
2643.17
2371.54
1256.28
2302.38
2457.00
1220.01
2695.42
2793.30
2413.52
1244.30
2373.42
2351.10
1258.92
2631.58
5940.59
2454.99
1215.07
2313.03
2311.25
1231.02
2238.81
2835.54
2631.58
1236.60
2283.10
2351.10
1242.75
2313.03
2671.42
1038.78
2479.34
2341.92
2380.95
1276.05
2293.58
2620.09
6000.00
2557.54
2351.10
1228.00
1258.92
2479.34
2313.03
1142.42
2832.86
2413.52
1231.02
2401.92
2321.98
2302.38
1141.99
5940.59
2413.52
1233.55
2293.58
2321.98
2302.38
1204.34
2988.05
2645.50
1247.40
2247.19
2274.45
1244.81
1241.72
2695.42
2762.43
1206.76
2341.92
2341.92
1276.60
2274.45
2581.76
5940.59
1183.43
2380.95
2313.03
1261.56
2512.56
2321.98
1146.35
1165.95
2382.84
2283.10
1231.02
2360.35
2341.92
1170.96
6000.00
2444.99
2321.98
1236.60
2351.10
2265.86
1196.17
2876.32
2657.22
1253.13
1261.56
2291.83
2512.56
1225.49
2722.32
2806.36
1228.50
2313.03
2362.20
2321.98
1244.81
2631.58
5940.59
1176.47
2401.92
2284.84
1256.28
1222.99
2228.83
2892.96
1130.37
2413.52
2311.25
1256.28
2371.54
2332.81
2722.32
1200.96
2479.34
2352.94
1239.67
2311.25
2245.51
1225.49
2941.18
2500.00
2382.84
1230.52
2293.58
2479.34
1225.49
2657.22
2790.70
2467.11
1239.16
2382.84
2302.38
1253.13
2631.58
6000.00
1196.17
1214.57
2293.58
2331.00
1225.49
2313.03
2970.30
1160.99
2392.34
2274.45
2255.64
1247.92
2302.38
2645.50
1165.95
2457.00
2362.20
1258.92
1264.76
2284.84
2559.73
1017.98
2669.04
2371.54
1262.10
2255.64
2510.46
2293.58
1163.69
2764.98
2413.52
1250.52
2332.81
2341.92
2371.54
2608.70
6000.00
2403.85
1224.99
2293.58
2341.92
1217.53
2264.15
2941.18
2595.16
1264.76
2283.10
2283.10
1247.92
2332.81
2762.43
2790.70
1206.76
2331.00
2382.84
1259.45
2284.84
2583.98
6000.00
1173.25
2371.54
2284.84
1267.43
2457.00
2237.14
1144.16
2777.78
2435.06
2311.25
1255.76
2362.20
2302.38
1178.32
6000.00
2425.22
1207.24
1239.67
2321.98
2245.51
1222.49
2865.33
2608.70
1233.55
2284.84
2323.78
2444.99
1225.49
2657.22
2849.00
1225.49
2362.20
2382.84
2332.81
1262.10
2581.76
5940.59
1191.42
2341.92
2265.86
1261.56
1217.53
2323.78
2941.18
1153.85
2469.14
2293.58
1262.63
2313.03
2313.03
2657.22
1003.34
2415.46
2382.84
1253.13
2311.25
2293.58
1204.82
2973.24
2633.89
2351.10
1258.92
2264.15
2457.00
1239.16
2680.97
2806.36
2362.20
1247.92
2341.92
2341.92
1253.13
2557.54
6000.00
1181.10
2403.85
2331.00
2302.38
1214.57
2311.25
2970.30
1153.85
2380.95
2304.15
2304.15
1250.52
2362.20
2793.30
1054.85
2413.52
2341.92
1241.72
1270.65
2255.64
2570.69
1054.85
2657.22
2352.94
1261.56
2291.83
2457.00
2247.19
1151.63
2762.43
2425.22
1244.30
2351.10
2321.98
2362.20
1176.01
6000.00
2403.85
1225.99
2302.38
2332.81
1222.99
1203.85
2849.00
2631.58
1247.92
2302.38
2341.92
1253.66
1236.60
2722.32
2862.60
1233.55
2351.10
2371.54
1270.65
2245.51
2583.98
6000.00
1180.64
2371.54
2274.45
1262.10
2446.98
2255.64
1137.23
2777.78
2477.29
2274.45
1276.05
2331.00
2283.10
1144.16
5952.38
2444.99
2394.25
1244.81
2313.03
2321.98
1199.04
2973.24
2595.16
1228.50
1242.24
2291.83
2423.26
1247.40
2669.04
2835.54
1220.01
2352.94
2371.54
2321.98
1253.66
2535.93
3759.40
1183.43
2371.54
2264.15
1273.89
1222.99
2351.10
2879.08
1156.52
2433.09
2293.58
1244.30
2351.10
2392.34
2749.77
1040.94
2392.34
2331.00
1242.24
2332.81
2265.86
1168.68
2955.67
2548.85
2352.94
1262.10
2274.45
2489.63
1239.67
2749.77
2775.21
1217.04
1247.40
2341.92
2401.92
1262.10
2606.43
5940.59
1178.32
1217.53
2283.10
2362.20
1215.07
2255.64
2892.96
1148.99
2444.99
2313.03
2313.03
1244.30
2321.98
2724.80
1023.54
2425.22
2341.92
1228.50
1256.81
2274.45
2595.16
1103.35
2608.70
2401.92
1225.49
2352.94
2435.06
2228.83
1135.07
2832.86
2392.34
1250.52
2371.54
2341.92
1264.76
1170.96
6000.00
2477.29
1234.06
2265.86
2304.15
1222.49
2302.38
2923.98
2595.16
1220.01
2274.45
2302.38
1250.52
2321.98
2645.50
2762.43
1217.04
2371.54
2392.34
1273.34
2321.98
2535.93
1003.01
2620.09
2351.10
2264.15
1262.10
2457.00
2283.10
1176.01
2777.78
2360.35
1233.55
1250.52
2341.92
2351.10
1158.75
6000.00
2467.11
1222.49
2302.38
2313.03
2274.45
1170.96
2955.67
2592.91
1228.50
2293.58
2293.58
2510.46
1244.30
2777.78
2790.70
1220.01
2341.92
2321.98
1288.11
1267.96
2583.98
5940.59
1175.55
2351.10
2265.86
1273.89
2489.63
2255.64
2892.96
1142.42
2435.06
2304.15
1247.40
2313.03
2331.00
1188.59
5952.38
2382.84
2313.03
1231.02
2321.98
2283.10
1204.34
2865.33
2620.09
2392.34
1244.81
2321.98
2444.99
1223.49
2722.32
2865.33
1241.72
1253.13
2373.42
2352.94
1270.65
2595.16
6000.00
1199.52
2401.92
2283.10
2313.03
1224.99
2247.19
2952.76
1135.07
2454.99
2276.18
1277.14
1242.24
2302.38
2683.36
994.37
2467.11
2382.84
1244.81
2331.00
2302.38
2631.58
1066.86
2608.70
2371.54
1244.81
2274.45
2435.06
1250.52
2695.42
2710.03
2362.20
1247.92
2392.34
2341.92
1253.13
2572.90
4155.12
2502.08
1222.49
2291.83
2293.58
1214.57
2323.78
2955.67
1163.69
1236.60
2284.84
2265.86
1244.81
2371.54
2790.70
1046.76
2401.92
2360.35
2341.92
1279.86
2255.64
2606.43
1034.84
2606.43
2341.92
1264.76
1273.34
2489.63
2255.64
1148.99
2862.60
2392.34
1250.52
2352.94
2341.92
2313.03
1193.79
6000.00
2371.54
1225.49
2293.58
2313.03
1212.12
2264.15
2862.60
2557.54
1228.50
