412.09
217.86
1875.00
1515.15
544.86
1670.38
1641.14
1789.98
1994.68
1953.13
1659.29
547.05
1838.24
1559.25
1734.10
1811.59
217.17
1516.68
529.29
1700.68
1594.05
525.21
1800.72
2952.76
2024.29
1661.13
1541.62
1700.68
534.38
1789.98
2202.64
434.66
1515.15
1744.19
1621.62
532.29
1691.09
380.42
217.68
1994.68
1565.76
1777.25
548.05
1670.38
1800.72
2115.66
2272.73
1650.17
533.24
1575.63
1567.40
1744.19
409.61
213.01
1507.54
528.17
1650.17
1549.59
1744.19
1766.78
2024.29
1940.49
553.51
1632.21
1650.17
536.48
1710.38
1965.92
2115.66
1482.21
1734.10
1583.95
540.54
1691.09
414.59
216.67
2024.29
1575.63
1611.17
545.85
1630.43
1953.13
1994.68
2051.98
1661.13
552.28
1583.95
1567.40
1766.78
497.02
215.49
1592.36
530.22
1602.56
1612.90
1691.09
1824.82
2982.11
1937.98
543.87
1602.56
1679.73
512.65
1661.13
1994.68
2100.84
549.25
1835.99
1766.78
539.37
1875.00
386.30
218.53
2115.66
1541.62
1585.62
548.05
1594.05
1811.59
1965.92
2024.29
1641.14
1532.18
1651.98
1557.63
1886.79
487.33
218.34
1532.18
539.37
1734.10
1575.63
1621.62
1800.72
2149.00
2024.29
520.29
1522.84
1734.10
533.24
1766.78
2235.47
2272.73
549.05
1722.16
1632.21
462.25
1632.21
409.61
215.95
1981.51
1557.63
1661.13
540.54
1670.38
1789.98
2040.82
2272.73
1754.39
1734.10
548.05
1585.62
1710.38
226.38
209.44
1482.21
529.29
1641.14
1585.62
1744.19
1981.51
2982.11
1994.68
538.60
1777.25
1575.63
1602.56
1722.16
2010.72
2040.82
559.08
1732.10
1585.62
541.71
1700.68
421.47
214.32
2252.25
1577.29
1612.90
545.85
1641.14
1953.13
2054.79
2071.82
1661.13
1612.90
540.54
1594.05
1691.09
494.40
217.71
1516.68
511.77
1585.62
1621.62
1702.61
1940.49
1994.68
2040.82
544.86
1565.76
1681.61
1575.63
1681.61
1953.13
1968.50
560.12
1789.98
1861.04
1515.15
1661.13
1811.59
216.70
527.24
1466.28
1567.40
548.05
1670.38
1787.84
1940.49
2252.25
1641.14
1547.99
551.27
1532.18
1965.92
493.42
219.04
1524.39
1777.25
548.05
1541.62
1661.13
1913.27
2521.01
2008.03
531.35
1522.84
1700.68
1651.98
1756.44
2351.10
2290.08
544.86
1734.10
1661.13
534.38
1641.14
410.17
2982.11
521.20
1681.61
1612.90
537.44
1661.13
1777.25
2040.82
2083.33
1861.04
1710.38
545.85
1567.40
1754.39
226.38
209.00
1428.57
1744.19
544.86
1612.90
1681.61
1744.19
1994.68
1968.50
545.85
1722.16
1789.98
1612.90
1712.33
2040.82
2024.29
561.59
1744.19
1602.56
1594.05
1700.68
417.71
217.71
516.53
1532.18
1612.90
544.86
1621.62
1811.59
2038.04
2024.29
1651.98
1592.36
550.26
1567.40
1679.73
498.84
2982.11
1491.05
1997.34
521.38
1602.56
1681.61
1802.88
2982.11
2149.00
542.69
1522.84
1681.61
1824.82
535.33
1875.00
2040.82
554.73
1800.72
1661.13
1524.39
1672.24
408.39
218.72
525.21
1651.98
1734.10
542.69
1681.61
1777.25
2167.63
2272.73
1641.14
1532.18
554.53
1549.59
1777.25
474.08
2982.11
1540.04
1724.14
549.25
1557.63
1641.14
1777.25
2392.34
1981.51
551.47
1541.62
1702.61
1681.61
526.13
2054.79
2167.63
528.17
1734.10
1575.63
1612.90
1732.10
1756.44
218.05
523.20
1651.98
1641.14
531.16
1604.28
1953.13
2024.29
506.07
1861.04
1800.72
541.71
1594.05
1712.33
226.04
209.61
1482.21
1661.13
542.69
1602.56
1732.10
1712.33
2982.11
1965.92
1567.40
1604.28
1681.61
1612.90
524.29
2083.33
2040.82
552.28
1872.66
1549.59
1594.05
1691.09
415.86
216.86
531.16
1611.17
1565.76
544.86
1559.25
2024.29
2038.04
2054.79
1838.24
1575.63
559.28
1575.63
1744.19
1968.50
216.83
1516.68
1777.25
524.29
1583.95
1679.73
1811.59
1953.13
2290.08
2976.19
1612.90
1712.33
1661.13
538.60
1861.04
1953.13
552.69
1754.39
1632.21
1549.59
1679.73
418.88
217.86
525.21
1515.15
1779.36
1583.95
1670.38
1777.25
2351.10
519.39
1650.17
1532.18
549.25
1540.04
1712.33
2100.84
215.98
1507.54
1744.19
545.85
1567.40
1849.57
1789.98
2982.11
2038.04
1567.40
561.38
1659.29
1583.95
527.24
2027.03
2038.04
526.32
2890.17
1585.62
1575.63
526.32
2103.79
209.47
525.21
1621.62
1621.62
1602.56
1594.05
1691.09
2024.29
502.34
1824.82
1612.90
519.39
1549.59
1712.33
2054.79
215.49
1445.09
1744.19
540.74
1583.95
1700.68
1744.19
2054.79
1937.98
1541.62
550.26
1691.09
1754.39
531.35
2024.29
2100.84
550.26
1898.73
1722.16
1594.05
525.21
415.17
218.75
528.36
1549.59
1549.59
1602.56
1621.62
1789.98
1937.98
495.21
1659.29
1549.59
548.05
1540.04
1901.14
1925.55
217.20
1516.68
1953.13
552.69
1602.56
1691.09
418.29
1981.51
2038.04
1445.09
523.38
1732.10
1679.73
532.48
2133.71
2218.93
1651.98
1744.19
1632.21
1524.39
534.38
418.29
217.39
529.29
1602.56
1641.14
1557.63
1661.13
1777.25
2329.19
518.31
1641.14
1621.62
1712.33
1559.25
1734.10
2086.23
208.68
1498.50
1712.33
540.54
1549.59
1925.55
1968.50
2024.29
2008.03
1532.18
553.51
1641.14
1611.17
509.86
2027.03
1994.68
1875.00
1734.10
1602.56
1585.62
532.29
413.91
209.97
518.31
1650.17
1632.21
1602.56
541.71
1746.22
1965.92
492.77
1661.13
1594.05
525.21
1585.62
1835.99
2040.82
443.00
1602.56
1898.73
536.48
1611.17
1722.16
419.58
2133.71
1925.55
1549.59
543.87
1693.00
1567.40
511.77
2068.97
2040.82
1861.04
547.05
1777.25
1557.63
531.35
414.02
214.01
534.38
1522.84
1604.28
1604.28
527.24
1800.72
1953.13
499.83
1632.21
1559.25
1754.39
1498.50
1875.00
1925.55
216.86
1540.04
1754.39
549.25
1575.63
1779.36
1777.25
1981.51
2008.03
1724.14
526.32
1712.33
1779.36
532.48
2255.64
2293.58
1651.98
1744.19
1661.13
1575.63
533.43
409.72
215.49
528.36
1575.63
1650.17
1507.54
1679.73
1766.78
2040.82
507.96
1594.05
1612.90
1651.98
1567.40
1722.16
2038.04
477.40
1474.93
1734.10
544.86
1567.40
1754.39
1981.51
2086.23
1981.51
1522.84
552.49
1651.98
1575.63
526.32
2024.29
2054.79
1700.68
1732.10
1565.76
1583.95
528.36
420.88
215.86
517.42
1583.95
1594.05
1612.90
1567.40
1953.13
2071.82
504.37
1661.13
1594.05
553.51
1577.29
1693.00
2027.03
214.65
1516.68
1994.68
518.49
1632.21
1702.61
413.91
1997.34
2183.41
1532.18
543.87
1700.68
1800.72
525.39
1968.50
1968.50
1681.61
1777.25
1849.57
1549.59
525.39
413.34
206.84
527.24
1474.93
1650.17
1594.05
1612.90
1789.98
1863.35
516.53
1641.14
1532.18
547.05
1522.84
1886.79
2183.41
217.55
1532.18
1756.44
547.05
1565.76
1681.61
414.59
2202.64
2038.04
1679.73
555.76
1691.09
1661.13
526.50
2199.41
2252.25
1651.98
1722.16
1632.21
1559.25
541.71
1789.98
215.33
526.32
1567.40
1641.14
1557.63
1632.21
1777.25
2040.82
507.96
1777.25
1681.61
543.87
1594.05
1700.68
2027.03
209.32
1498.50
1744.19
543.87
1650.17
1670.38
1744.19
2010.72
1981.51
1557.63
550.26
1813.78
1621.62
522.28
2054.79
1994.68
559.28
1872.66
1604.28
1583.95
532.29
418.99
208.86
513.52
1540.04
1632.21
1604.28
1811.59
1925.55
2051.98
504.20
1650.17
1585.62
551.47
1594.05
1691.09
2024.29
2982.11
1524.39
1813.78
519.39
1612.90
1691.09
1802.88
1981.51
2152.08
1541.62
541.71
1681.61
1650.17
538.60
1898.73
2186.59
557.00
1764.71
1661.13
1532.18
1651.98
418.41
217.20
526.32
1452.08
1754.39
549.25
1700.68
1800.72
2024.29
518.49
1641.14
1540.04
546.85
1541.62
1789.98
2218.93
217.01
1507.54
1734.10
543.87
1557.63
1672.24
1940.49
2392.34
2010.72
523.38
1594.05
1712.33
1650.17
528.36
2038.04
2369.67
543.87
1722.16
1632.21
1612.90
1732.10
1766.78
211.89
523.38
1549.59
1621.62
533.43
1585.62
1913.27
2051.98
2218.93
1777.25
1734.10
540.74
1549.59
1724.14
498.84
209.64
1483.68
1744.19
537.63
1602.56
1700.68
1744.19
2071.82
1968.50
547.05
1604.28
1861.04
1602.56
523.38
2038.04
2118.64
539.76
1670.38
1594.05
1594.05
1693.00
417.13
217.55
520.47
1602.56
1575.63
542.69
1813.78
1813.78
2024.29
2054.79
1672.24
1585.62
558.24
1541.62
1744.19
508.82
215.52
1515.15
523.38
1567.40
1559.25
1650.17
1813.78
1913.27
2293.58
541.71
1541.62
1724.14
526.32
1913.27
1875.00
2199.41
551.47
1756.44
1650.17
531.54
1681.61
417.13
217.36
2040.82
1712.33
1824.82
542.89
1670.38
1787.84
2167.63
2272.73
1641.14
535.52
1650.17
1524.39
1789.98
491.80
216.01
1507.54
530.41
1641.14
1559.25
1641.14
1997.34
2071.82
2024.29
552.69
1691.09
1670.38
529.29
1702.61
2040.82
2255.64
1491.05
1746.22
1621.62
2982.11
1744.19
1746.22
209.32
1994.68
1559.25
1630.43
533.43
1594.05
1744.19
2010.72
2051.98
1691.09
1604.28
1594.05
1575.63
1732.10
497.84
207.76
1532.18
529.29
1681.61
1602.56
1681.61
1965.92
2100.84
1968.50
550.26
1594.05
1712.33
532.48
1691.09
2071.82
2040.82
552.69
1901.14
1756.44
542.89
1691.09
417.13
215.36
2167.63
1532.18
1575.63
551.27
1585.62
1800.72
1978.89
2199.41
1641.14
1557.63
1849.57
2982.11
1863.35
512.65
216.86
1515.15
544.86
1577.29
1641.14
1661.13
1789.98
1838.24
2010.72
526.32
1567.40
1702.61
542.89
1777.25
2218.93
2255.64
542.69
1734.10
1659.29
525.21
1661.13
415.86
216.39
2024.29
1585.62
1670.38
538.60
1681.61
1981.51
2133.71
2100.84
1575.63
535.52
1670.38
1585.62
1734.10
497.02
2982.11
1522.84
527.43
1651.98
1575.63
1889.17
1756.44
2024.29
1981.51
543.87
1549.59
1651.98
538.60
1691.09
2024.29
2272.73
1498.50
1756.44
1583.95
540.74
1681.61
415.86
208.86
1953.13
1651.98
1632.21
549.25
1585.62
1928.02
2054.79
1997.34
1681.61
541.71
1577.29
1594.05
1734.10
419.58
213.86
1577.29
515.64
1557.63
1630.43
527.43
1928.02
2024.29
1994.68
536.48
1575.63
1681.61
530.41
1800.72
2010.72
2024.29
1507.54
1800.72
1872.66
541.71
1672.24
2038.04
212.07
2167.63
1567.40
542.89
1712.33
1766.78
1824.82
1953.13
2199.41
1612.90
2982.11
1651.98
1524.39
513.70
416.55
209.97
1575.63
542.89
1594.05
1567.40
2982.11
1766.78
2118.64
2008.03
1641.14
1540.04
1693.00
534.57
1744.19
2218.93
420.29
1515.15
1722.16
1641.14
1559.25
1835.99
1787.84
2167.63
1997.34
1575.63
2982.11
1691.09
1681.61
1756.44
2040.82
2272.73
1585.62
531.35
1621.62
1604.28
2982.11
1766.78
209.67
521.38
1641.14
1612.90
1621.62
538.60
1981.51
2054.79
2982.11
1875.00
1630.43
1641.14
1549.59
1712.33
2100.84
470.96
1507.54
1670.38
2982.11
1612.90
1712.33
415.86
2024.29
