5940.59
1183.90
2394.25
2257.34
2323.78
1217.53
2228.83
2895.75
1183.90
2413.52
2247.19
1231.53
1259.45
2313.03
2737.23
1234.06
2415.46
2352.94
1231.53
2311.25
2228.83
1183.90
2909.80
2671.42
2343.75
1256.81
2265.86
2491.69
1273.89
2645.50
2583.98
1207.24
1262.63
2304.15
2332.81
1258.92
2597.40
5813.95
1168.68
2435.06
2248.88
1285.90
1237.11
2135.23
2819.55
1154.29
2413.52
2265.86
1240.18
2343.75
2341.92
1169.13
1186.71
2403.85
2362.20
1237.11
2293.58
2210.76
1225.99
2879.08
2548.85
1239.67
2212.39
2293.58
2435.06
1277.14
2671.42
2645.50
1212.61
2364.07
2332.81
2313.03
1270.65
2645.50
5940.59
1189.06
2403.85
2247.19
1267.96
2403.85
2185.00
3003.00
1146.79
2425.22
2220.58
1253.66
2265.86
2304.15
1137.66
1023.89
2469.14
2321.98
1251.04
2293.58
2210.76
1191.42
2926.83
2620.09
1245.33
1262.63
2220.58
2502.08
1271.19
2659.57
2608.70
1196.65
2321.98
2323.78
1288.66
1259.45
2572.90
6000.00
1194.27
2384.74
2276.18
1265.29
2502.08
2185.00
1156.52
2620.09
2341.92
2247.19
1242.75
2276.18
2293.58
1183.90
6000.00
2413.52
2352.94
1242.24
2313.03
2228.83
1201.92
2865.33
2683.36
1239.67
1253.66
2284.84
2446.98
1271.73
2683.36
2595.16
1228.50
2332.81
2323.78
2332.81
1267.96
2608.70
5952.38
1161.89
2423.26
2255.64
1256.28
1239.67
2118.64
2862.60
1145.04
2382.84
2228.83
1262.63
2293.58
2323.78
2685.77
1189.06
2425.22
2352.94
1251.04
2274.45
2228.83
1223.49
2909.80
2572.90
2392.34
1234.06
2293.58
2446.98
1265.29
2657.22
2671.42
2489.63
1248.44
2382.84
2257.34
1265.29
2631.58
5940.59
1196.65
2352.94
2284.84
2332.81
1245.33
2177.07
2923.98
1166.41
2373.42
2238.81
1242.75
1251.04
2284.84
2620.09
1007.05
2477.29
2321.98
1247.92
2313.03
2247.19
1183.90
2862.60
2570.69
2373.42
1259.45
2265.86
2489.63
1265.29
2710.03
2595.16
1204.82
1282.60
2313.03
2284.84
1267.96
2572.90
5940.59
1178.78
2382.84
2255.64
1265.82
1234.06
2177.07
2988.05
1154.29
2362.20
2238.81
1248.44
2284.84
2304.15
2671.42
1016.60
2352.94
2304.15
1247.92
2304.15
2247.19
1194.27
2851.71
2620.09
2446.98
1247.92
2284.84
2435.06
1274.43
2671.42
2633.89
1222.99
1262.10
2373.42
2341.92
1256.28
2583.98
6000.00
1164.14
2403.85
2304.15
1265.29
1234.06
2135.23
2865.33
1156.52
2373.42
2210.76
1270.65
1242.75
2313.03
2683.36
1191.42
2479.34
2373.42
1254.18
2314.81
2228.83
2657.22
1101.32
2595.16
2392.34
1248.44
2265.86
2394.25
1271.19
2633.89
2683.36
2435.06
1265.29
2394.25
2238.81
1265.29
2572.90
6000.00
1181.10
1228.50
2257.34
2304.15
1247.92
2177.07
2895.75
1159.20
2362.20
2247.19
2247.19
1242.75
2304.15
2671.42
1199.52
2479.34
2332.81
1234.06
1285.35
2265.86
2548.85
1084.21
2559.73
2373.42
1259.45
2265.86
2512.56
2169.20
1159.20
2606.43
2352.94
1277.14
2314.81
2276.18
1268.50
2570.69
5952.38
2373.42
1242.24
2238.81
2332.81
1231.53
2142.86
2881.84
2683.36
1248.44
2230.48
2276.18
1273.89
2321.98
2685.77
1022.15
2394.25
2332.81
2343.75
1265.29
2220.58
2620.09
5940.59
2620.09
2425.22
2238.81
1277.14
2425.22
2142.86
1137.66
2671.42
2394.25
1259.45
2352.94
2313.03
2284.84
1171.42
5692.60
2457.00
1223.49
2238.81
2284.84
1228.50
1215.07
2895.75
2570.69
1234.57
2220.58
2323.78
1240.18
2313.03
2633.89
2633.89
1220.50
2343.75
2352.94
1291.99
2276.18
2620.09
5940.59
2595.16
2382.84
1236.60
1271.19
2403.85
2152.08
1161.89
2595.16
2362.20
1248.44
2341.92
2255.64
2304.15
1154.29
5952.38
2502.08
1215.07
2248.88
2304.15
1248.44
2202.64
2835.54
2608.70
1234.06
2230.48
2265.86
1248.44
2332.81
2737.23
1011.12
2477.29
2321.98
1239.67
1289.21
2257.34
2583.98
1069.52
2583.98
2382.84
1257.33
2238.81
2491.69
2167.63
1161.89
2645.50
2352.94
1265.29
2304.15
2293.58
1265.82
2570.69
6000.00
2403.85
1228.50
2257.34
2323.78
1237.11
2126.15
2892.96
1166.86
2392.34
2247.19
2265.86
1273.89
2334.63
2737.23
1197.13
2403.85
2371.54
1234.06
1279.86
2230.48
2606.43
1110.29
2608.70
2425.22
1221.00
2323.78
2392.34
1271.19
1139.82
2697.84
2415.46
1250.52
2323.78
2283.10
1277.14
2608.70
5758.16
1173.71
1225.99
2265.86
2295.33
1228.50
2194.59
2923.98
1149.43
2479.34
2204.26
1271.73
1262.10
2313.03
2683.36
1005.03
2392.34
2341.92
1245.85
2304.15
2265.86
2559.73
2973.24
2570.69
2323.78
1247.92
2247.19
2425.22
1268.50
2631.58
2583.98
1218.03
1247.92
2314.81
2284.84
1259.45
2559.73
5952.38
1183.90
2373.42
2255.64
1273.89
1223.49
2220.58
2941.18
1178.78
2364.07
2274.45
1234.06
2293.58
2304.15
1169.13
1011.12
2437.04
2352.94
1234.06
2313.03
2210.76
1184.37
2912.62
2695.42
1237.11
1247.92
2284.84
2446.98
1265.29
2671.42
2622.38
1207.73
2304.15
2323.78
1259.45
1253.66
2608.70
5952.38
1163.69
2457.00
2247.19
1277.14
2425.22
2135.23
2819.55
1156.96
2413.52
2265.86
1237.11
2314.81
2343.75
1169.13
5952.38
2403.85
1218.03
1239.67
2265.86
2238.81
1220.50
2892.96
2525.25
1245.33
2220.58
2295.33
2425.22
1265.29
2657.22
2645.50
1207.24
2362.20
2352.94
1288.66
2247.19
2645.50
5940.59
1181.10
2413.52
2255.64
1265.29
2392.34
2192.98
1152.07
2657.22
2457.00
2230.48
1251.04
2247.19
2304.15
1152.07
5952.38
2437.04
1231.53
1256.81
2313.03
2220.58
1199.04
2879.08
2647.84
1242.75
2230.48
2210.76
2444.99
1271.19
2671.42
2608.70
1191.90
2313.03
2323.78
1273.89
2220.58
2583.98
5952.38
1194.27
2362.20
2276.18
1274.43
2512.56
2152.08
1149.43
2631.58
2332.81
1262.63
1234.57
2255.64
2274.45
1171.42
5940.59
2403.85
1254.18
2257.34
2314.81
1232.03
2159.83
2881.84
2695.42
1231.53
2230.48
2293.58
1268.50
2304.15
2657.22
2583.98
1218.03
2295.33
2394.25
1253.66
2220.58
2620.09
5952.38
2620.09
2435.06
1220.50
1259.97
2444.99
2133.71
1130.80
2710.03
2352.94
1259.45
2341.92
2293.58
2313.03
1166.86
5952.38
2437.04
1228.50
2274.45
2274.45
1225.99
2159.83
2881.84
2606.43
1234.57
2220.58
2274.45
1248.44
2302.38
2657.22
1005.36
2423.26
2371.54
1240.18
1285.90
2238.81
2597.40
1059.32
2620.09
2352.94
1254.18
2238.81
2425.22
1277.14
2633.89
2570.69
2352.94
1248.44
2341.92
2247.19
1270.65
2570.69
5940.59
1173.71
2384.74
2257.34
2304.15
1242.24
2192.98
2849.00
1166.41
2373.42
2274.45
1229.00
2247.19
2323.78
2710.03
1012.83
2403.85
2332.81
1234.57
2313.03
2238.81
1171.42
2958.58
2570.69
1240.18
1253.66
2265.86
2479.34
1271.19
2712.48
2633.89
1196.65
2323.78
2362.20
1256.81
1265.29
2572.90
6000.00
1164.14
2384.74
2228.83
1288.66
2457.00
2142.86
2835.54
1159.20
2403.85
2247.19
1262.10
2313.03
2373.42
1164.14
5952.38
2382.84
1204.82
2265.86
2314.81
2220.58
1220.50
2806.36
2595.16
1242.75
2212.39
2313.03
1259.45
1265.29
2633.89
2671.42
1223.49
2352.94
2332.81
1277.14
2238.81
2583.98
5952.38
2559.73
2382.84
2276.18
1273.89
2392.34
2177.07
1137.66
2645.50
2469.14
1253.66
1259.97
2295.33
2304.15
1132.93
5952.38
2415.46
1220.50
2247.19
2321.98
1242.75
1200.00
2941.18
2559.73
1228.50
2220.58
2218.93
1251.04
2284.84
2645.50
1005.70
2502.08
2313.03
2332.81
1295.34
2228.83
2535.93
1067.62
2608.70
2413.52
1251.04
2276.18
2512.56
2228.83
1159.20
2559.73
2394.25
1253.66
2302.38
2265.86
1268.50
2620.09
5940.59
1186.71
1231.53
2265.86
2304.15
1231.53
2150.54
2865.33
1142.86
2343.75
2220.58
1242.75
1267.96
2293.58
2671.42
1023.89
2403.85
2323.78
1226.49
2313.03
2220.58
2608.70
2881.84
2572.90
2435.06
1239.67
2274.45
2425.22
1262.63
2695.42
2608.70
1220.50
1247.92
2352.94
2323.78
1265.29
2583.98
6000.00
1174.17
2394.25
2274.45
1256.81
1231.53
2135.23
2849.00
1149.43
2446.98
2220.58
1273.89
2304.15
2276.18
2671.42
1186.71
2457.00
2341.92
1245.33
2274.45
2247.19
1197.13
2926.83
2538.07
1204.82
1234.06
2274.45
2394.25
1276.60
2657.22
2631.58
1234.57
2323.78
2341.92
1285.90
1262.63
2572.90
5952.38
1196.65
2332.81
2247.19
1273.89
2425.22
2167.63
2849.00
1157.41
2352.94
2202.64
1236.60
2276.18
2313.03
1154.73
5952.38
2525.25
1213.10
2265.86
2295.33
2247.19
1173.71
2909.80
2535.93
1218.52
2276.18
2274.45
1256.81
1268.50
2737.23
2595.16
1191.42
2341.92
2293.58
1288.66
2202.64
2559.73
5952.38
2671.42
2352.94
2238.81
1267.96
2467.11
2152.08
1156.96
2583.98
2373.42
1259.45
2352.94
2276.18
2321.98
1181.57
5952.38
2415.46
1223.49
2257.34
2283.10
1237.11
2150.54
2806.36
2608.70
1228.50
2257.34
2351.10
1248.44
2323.78
2712.48
1181.57
2425.22
2364.07
2341.92
1276.60
2210.76
2595.16
5952.38
2559.73
2382.84
1229.00
2304.15
2415.46
2142.86
1137.66
2671.42
2467.11
1247.92
2332.81
2265.86
1267.96
2645.50
5952.38
2446.98
1220.50
2257.34
2332.81
1239.67
2185.00
2955.67
1149.87
2423.26
2220.58
2238.81
1251.04
2284.84
2631.58
1012.83
2457.00
2332.81
1245.33
2323.78
2238.81
2559.73
2865.33
2645.50
2343.75
1262.63
2228.83
2446.98
1256.81
2685.77
2597.40
1194.27
1256.28
2323.78
2247.19
1259.45
2597.40
5952.38
1192.37
2394.25
2276.18
1267.96
1225.99
2169.20
2958.58
1145.04
2352.94
2222.22
1251.04
2265.86
2274.45
1179.25
5952.38
2362.20
2313.03
1245.33
2295.33
2230.48
1191.90
2851.71
2683.36
1231.53
2220.58
2274.45
2479.34
1267.96
2657.22
2633.89
1226.49
2323.78
2364.07
1254.18
2230.48
2608.70
5952.38
2620.09
2435.06
2276.18
1257.33
2435.06
2142.86
1135.50
2671.42
2373.42
1259.45
2352.94
2304.15
2321.98
1174.17
5882.35
2446.98
1229.00
2255.64
2284.84
1225.99
2150.54
2865.33
2570.69
1242.75
2218.93
2304.15
1248.44
2304.15
2671.42
1003.68
2425.22
2373.42
2352.94
1298.14
2247.19
2620.09
1071.81
2595.16
2373.42
1245.33
2237.14
2425.22
2142.86
1161.44
2595.16
2394.25
1262.63
2352.94
2238.81
1268.50
2546.69
5940.59
2491.69
1223.49
2257.34
2313.03
1247.92
2177.07
2849.00
1176.93
2394.25
2267.57
1228.50
1248.44
2313.03
2712.48
1221.00
2403.85
2343.75
1234.06
2304.15
2247.19
1174.17
2926.83
2597.40
2403.85
1254.18
2274.45
2446.98
1273.89
2710.03
2633.89
1197.13
2323.78
2332.81
2323.78
1273.89
2570.69
5952.38
1161.89
2382.84
2248.88
1277.14
2446.98
2118.64
2879.08
1169.13
2382.84
2247.19
1256.81
2314.81
2373.42
1164.14
5952.38
2405.77
2362.20
1234.57
2304.15
2202.64
1221.00
2835.54
2620.09
1242.75
2210.76
2293.58
2403.85
1265.29
2683.36
2697.84
1223.49
2352.94
2332.81
1283.15
2192.98
2583.98
5940.59
1171.42
2394.25
2248.88
1271.73
2413.52
2177.07
1137.66
2633.89
2491.69
1239.67
2343.75
2276.18
2313.03
1135.93
5940.59
2394.25
1220.50
2238.81
2323.78
1245.85
2159.83
2958.58
2535.93
1242.75
2220.58
2238.81
1256.81
2276.18
2622.38
994.37
2459.02
2332.81
1245.33
1295.34
2185.00
2561.91
1082.25
2622.38
2343.75
1247.92
2255.64
2535.93
1254.18
2724.80
2583.98
2362.20
1271.19
2323.78
2247.19
1271.19
2595.16
5952.38
1183.90
2362.20
2276.18
2323.78
1234.06
2177.07
2909.80
1142.42
2352.94
2238.81
1240.18
2295.33
2284.84
2659.57
1029.51
2403.85
2323.78
1223.49
2341.92
2228.83
1204.82
2895.75
2583.98
1229.00
1245.33
2276.18
2435.06
1262.63
2710.03
2657.22
1221.00
2362.20
2332.81
1279.86
1274.43
2633.89
5940.59
1159.20
2415.46
2276.18
1262.63
2403.85
2111.19
1137.66
2659.57
2446.98
2202.64
1265.82
2284.84
2276.18
1159.20
5825.24
2446.98
1229.00
2257.34
2313.03
1223.49
1199.52
2909.80
2595.16
1222.99
2212.39
2265.86
1245.33
2313.03
2683.36
2645.50
1239.67
2362.20
2384.74
1295.34
2228.83
2583.98
1074.11
2548.85
2362.20
1254.18
2230.48
2435.06
2185.00
1164.14
2659.57
2362.20
1247.92
2284.84
2313.03
1265.29
2548.85
5940.59
2489.63
1215.56
2284.84
2284.84
1225.99
2192.98
2988.05
1166.86
2332.81
2257.34
1223.49
1251.04
2323.78
2722.32
1228.50
2446.98
2352.94
1234.57
2313.03
2220.58
1179.25
2895.75
2697.84
2352.94
1254.18
2265.86
2446.98
1268.50
2697.84
2633.89
1207.73
1265.29
2364.07
2284.84
1259.97
2572.90
5952.38
1162.34
2444.99
2238.81
1283.15
1232.03
2127.66
2819.55
1147.23
2394.25
2265.86
1237.62
2323.78
2332.81
1171.42
1181.57
2435.06
2382.84
1237.11
2255.64
2230.48
1215.07
2941.18
2491.69
1239.67
2202.64
2295.33
2435.06
1265.29
2683.36
2633.89
1221.00
2394.25
2332.81
1295.34
2247.19
2657.22
5940.59
1179.25
2403.85
2265.86
1259.97
2403.85
2186.59
1149.87
2633.89
2457.00
1245.33
1248.44
2238.81
2284.84
1144.60
5952.38
2415.46
1232.03
2274.45
2323.78
1242.75
1191.90
2926.83
2597.40
1239.67
2257.34
2228.83
1245.33
2293.58
2659.57
2595.16
1201.92
2332.81
2332.81
1277.14
2265.86
2548.85
1086.56
2570.69
2362.20
1259.45
2293.58
2491.69
2150.54
1159.64
2633.89
2373.42
1259.97
2341.92
2284.84
1265.29
2572.90
5952.38
2362.20
1251.04
2257.34
2304.15
1231.53
2152.08
2838.22
1159.20
2373.42
2220.58
1251.04
1271.73
2314.81
2657.22
1197.13
2364.07
2334.63
1248.44
2304.15
2230.48
1210.17
2806.36
2685.77
2425.22
1223.99
2313.03
2435.06
1265.29
2737.23
2671.42
1218.03
1259.97
2373.42
2314.81
1262.63
2597.40
5825.24
1173.71
2403.85
2265.86
1259.45
1225.99
2177.07
2881.84
1154.73
2459.02
2210.76
1259.45
2265.86
2332.81
1145.04
5952.38
2425.22
2373.42
1234.57
2323.78
2238.81
1197.13
2973.24
2572.90
1223.49
2228.83
2247.19
2435.06
1283.15
2608.70
2572.90
1237.11
2343.75
2362.20
1285.90
2202.64
2583.98
5952.38
1189.06
2364.07
2247.19
1279.86
2489.63
2186.59
1169.13
2620.09
2341.92
1274.43
1226.49
2247.19
2323.78
1152.07
5882.35
2394.25
1237.11
2265.86
2293.58
1228.50
2204.26
2988.05
2606.43
1242.75
2257.34
2274.45
1271.19
2276.18
2724.80
1024.24
2405.77
2343.75
2332.81
1242.75
2220.58
2535.93
1090.91
2671.42
2394.25
1251.04
2286.59
2425.22
2093.51
1142.42
2595.16
2394.25
1259.97
2341.92
2314.81
1265.29
2620.09
5952.38
1164.60
1207.73
2255.64
2304.15
1242.75
2118.64
2835.54
1144.60
2415.46
2220.58
1254.18
1257.33
2295.33
2671.42
1194.27
2446.98
2352.94
1245.85
2293.58
2220.58
1212.61
2881.84
2570.69
2384.74
1225.99
2284.84
2403.85
1271.73
2633.89
2633.89
1215.56
2352.94
2352.94
2267.57
1254.18
2633.89
5940.59
1189.53
2394.25
2247.19
1262.63
2437.04
2186.59
2926.83
1156.96
2415.46
2212.39
1256.81
2295.33
2247.19
1147.23
5952.38
2459.02
1218.03
1254.18
2314.81
2194.59
1181.57
2895.75
2597.40
1237.11
2238.81
2265.86
1248.96
1265.29
2697.84
2559.73
1200.00
2343.75
2302.38
1298.14
2220.58
2597.40
5940.59
2620.09
2341.92
2265.86
1267.96
2512.56
2152.08
1159.20
2620.09
2343.75
1267.96
2313.03
2304.15
2293.58
1182.03
5940.59
2384.74
1231.53
2238.81
2323.78
1232.03
2109.70
2865.33
2570.69
1225.99
2238.81
2274.45
1268.50
2343.75
2710.03
1194.74
2403.85
2354.79
1232.03
1267.96
2230.48
2583.98
1079.91
2583.98
2403.85
1223.49
2302.38
2394.25
1265.29
2657.22
2697.84
2415.46
1251.56
2332.81
2295.33
1271.73
2620.09
5586.59
1174.17
2384.74
2228.83
1259.97
1229.00
2202.64
2923.98
1145.04
2469.14
2210.76
1268.50
2293.58
2314.81
1137.66
1176.93
2415.46
2352.94
1240.18
2313.03
2220.58
1200.00
2941.18
2548.85
1245.33
1259.97
2228.83
2435.06
1283.15
2633.89
2633.89
1226.49
2313.03
2314.81
1292.55
1256.81
2548.85
5952.38
1169.59
2394.25
2274.45
1271.19
2535.93
2212.39
1164.14
2583.98
2332.81
2257.34
1221.00
2274.45
2321.98
1161.89
5940.59
2425.22
1239.67
2257.34
2304.15
2228.83
1191.90
2865.33
2685.77
1242.75
2228.83
2257.34
1271.19
2284.84
2647.84
2620.09
1207.24
2293.58
2313.03
1262.63
2222.22
2608.70
5952.38
2633.89
2446.98
1242.24
1259.45
2435.06
2118.64
1147.67
2606.43
2415.46
1259.45
2343.75
2304.15
1256.81
2583.98
5940.59
2425.22
1221.00
2276.18
2284.84
1231.53
2118.64
2895.75
1152.07
2403.85
2212.39
2284.84
1251.04
2313.03
2659.57
1183.90
2437.04
2354.79
1242.24
1295.34
2228.83
2620.09
1112.76
2583.98
2415.46
1251.04
2248.88
2413.52
1265.29
2657.22
2631.58
2413.52
1259.45
2321.98
2238.81
1262.63
2597.40
5952.38
1191.90
2323.78
2284.84
1262.63
1245.85
2167.63
2895.75
1164.14
2352.94
2230.48
1239.67
2265.86
2304.15
1154.29
1194.27
2489.63
2332.81
1231.53
2295.33
2257.34
1176.47
2881.84
2548.85
1237.11
1256.81
2284.84
2502.08
1256.81
2737.23
2608.70
1181.57
2364.07
2371.54
1256.81
1268.50
2570.69
5940.59
1164.14
2394.25
2257.34
1265.29
2457.00
2142.86
1156.96
2608.70
2403.85
2220.58
1257.33
2276.18
2304.15
1184.37
5882.35
2382.84
1215.07
2286.59
2295.33
2247.19
1207.73
2780.35
2645.50
1234.06
2276.18
2304.15
1256.81
2332.81
2697.84
2671.42
2425.22
2352.94
2352.94
1285.90
2212.39
2583.98
6000.00
2583.98
2362.20
1229.00
2293.58
2413.52
2159.83
1135.50
2633.89
2469.14
1245.33
2382.84
2265.86
1265.29
2657.22
5940.59
2415.46
1215.07
2265.86
2323.78
1226.49
2177.07
2958.58
1147.23
2413.52
2220.58
2230.48
1248.44
2304.15
2659.57
1005.70
2469.14
2314.81
1251.56
2284.84
2210.76
2583.98
2923.98
2597.40
2332.81
1262.63
2248.88
2502.08
1265.82
2671.42
2561.91
1192.37
1271.73
2341.92
2257.34
1265.29
2572.90
5940.59
1197.13
2394.25
2265.86
1265.82
1228.50
2159.83
2895.75
1149.87
2341.92
2228.83
1256.81
2265.86
2284.84
1179.25
5952.38
2415.46
2304.15
1248.44
2313.03
2220.58
1189.06
2865.33
2685.77
1228.50
2210.76
2286.59
2459.02
1265.29
2659.57
2583.98
1212.61
2332.81
2343.75
1257.33
2228.83
2608.70
5940.59
1174.17
2437.04
2255.64
1265.29
2415.46
2135.23
1135.50
2685.77
2343.75
1256.81
1251.04
2314.81
2284.84
1169.13
5649.72
2457.00
1223.49
2220.58
2293.58
1232.03
2086.23
2851.71
2572.90
2382.84
2186.59
1231.53
1274.43
2313.03
2683.36
1011.12
2435.06
2343.75
1248.44
2274.45
2257.34
1210.17
2909.80
2548.85
1218.52
1240.18
2248.88
2425.22
1265.29
2712.48
2608.70
1226.49
2304.15
2323.78
1292.55
1262.63
2570.69
5940.59
1183.90
2364.07
2238.81
1277.14
2469.14
2185.00
1164.60
2608.70
2384.74
1254.18
1229.00
2284.84
2313.03
1161.44
5952.38
2413.52
1223.49
2257.34
2276.18
1232.03
2159.83
2895.75
2583.98
1234.06
2230.48
2248.88
1280.41
2295.33
2710.03
1022.49
2403.85
2343.75
1220.50
2293.58
2212.39
2514.67
2806.36
2620.09
2323.78
1242.75
2247.19
2469.14
1259.97
2697.84
2570.69
1212.61
2334.63
2332.81
1274.43
1259.97
2620.09
5882.35
1159.64
2394.25
2255.64
1256.81
2413.52
2102.31
1152.07
2645.50
2459.02
1256.28
1257.33
2293.58
2257.34
1179.25
5952.38
2415.46
1223.49
2230.48
2274.45
1234.06
2087.68
2895.75
2535.93
1223.49
2202.64
2255.64
1268.50
2257.34
2683.36
1200.00
2415.46
2343.75
1242.75
2295.33
2267.57
2645.50
2912.62
2561.91
2362.20
1242.75
2267.57
2405.77
1271.73
2685.77
2559.73
2362.20
1253.66
2334.63
2247.19
1271.19
2559.73
5940.59
1176.93
2332.81
2238.81
1265.82
1256.81
2169.20
2865.33
1169.13
2403.85
2257.34
1221.00
2274.45
2332.81
1152.07
1010.78
2415.46
2352.94
1229.00
2314.81
2265.86
1174.63
2865.33
2608.70
1239.67
1259.97
2238.81
2469.14
1273.89
2710.03
2622.38
1194.74
2313.03
2313.03
1256.81
1262.10
2548.85
5940.59
1169.59
2384.74
2238.81
1286.45
2444.99
2135.23
1149.87
2595.16
2384.74
2257.34
1248.44
2321.98
2323.78
1176.93
5952.38
2415.46
1210.17
2295.33
2284.84
2204.26
1215.07
2835.54
2597.40
1248.44
2210.76
2313.03
1245.85
1265.29
2712.48
2647.84
1229.00
2332.81
2343.75
1289.21
2212.39
2570.69
5952.38
2570.69
2373.42
1231.53
1263.16
2425.22
2185.00
1142.86
2645.50
2479.34
1248.44
2341.92
2257.34
2304.15
1135.50
5952.38
2394.25
1232.03
2276.18
2332.81
1234.57
2159.83
2926.83
2597.40
1242.75
2230.48
2230.48
1251.04
2314.81
2622.38
1005.70
2502.08
2332.81
1242.75
1277.14
2220.58
2535.93
1082.25
2559.73
2425.22
1259.97
2276.18
2514.67
1259.97
2712.48
2622.38
2323.78
1277.14
2323.78
2284.84
1262.63
2608.70
5940.59
1184.37
2362.20
2238.81
2334.63
1232.03
2167.63
2973.24
1157.41
2382.84
2212.39
1259.97
2267.57
2293.58
2659.57
1212.61
2384.74
2284.84
1251.04
2284.84
2230.48
1204.82
2879.08
2597.40
2446.98
1239.67
2276.18
2437.04
1262.63
2671.42
2671.42
1223.49
2362.20
2384.74
2332.81
1259.97
2608.70
6000.00
1166.86
2403.85
2284.84
1254.18
2403.85
2127.66
2851.71
1154.73
2394.25
2220.58
1265.82
2276.18
2314.81
1154.73
5758.16
2435.06
1226.49
1248.44
2304.15
2228.83
1194.27
2941.18
2583.98
1218.03
2247.19
2257.34
1248.44
1265.82
2671.42
2710.03
1225.99
2352.94
2371.54
1280.41
2248.88
2559.73
5952.38
2583.98
2304.15
2247.19
1271.73
2413.52
2159.83
1174.17
2633.89
2343.75
1259.97
2332.81
2257.34
2323.78
1159.20
5952.38
2489.63
1229.00
2265.86
2284.84
1234.57
2204.26
2941.18
2535.93
1229.00
2257.34
2274.45
1254.18
2304.15
2737.23
1025.99
2413.52
2332.81
1239.67
1251.56
2238.81
2559.73
1057.46
2697.84
2382.84
1251.04
2284.84
2459.02
1271.73
1154.73
2620.09
2394.25
1262.63
2313.03
2257.34
1259.45
2597.40
5940.59
1164.14
1218.03
2257.34
2284.84
1226.49
2152.08
2764.98
1161.89
2403.85
2238.81
1248.44
1262.63
2313.03
2712.48
1181.57
2415.46
2332.81
1242.75
2295.33
2202.64
1225.99
2822.20
2572.90
2373.42
1229.51
2304.15
2403.85
1277.14
2659.57
2633.89
1199.52
2354.79
2334.63
2284.84
1277.14
2657.22
5952.38
1191.90
2382.84
2247.19
1268.50
2415.46
2169.20
3006.01
1152.07
2425.22
2212.39
1262.63
2276.18
2295.33
1140.25
5952.38
2467.11
2313.03
1259.97
2314.81
2230.48
1194.74
2835.54
2608.70
1245.85
2212.39
2265.86
2479.34
1262.63
2685.77
2570.69
1191.90
2323.78
2323.78
1285.90
2230.48
2595.16
5952.38
1191.90
2394.25
2276.18
1274.43
2491.69
2185.00
1156.96
2620.09
2332.81
1265.29
2304.15
2274.45
2304.15
1171.88
5940.59
2425.22
1239.67
2238.81
2354.79
1229.00
2135.23
2806.36
2710.03
1237.62
2230.48
2257.34
1277.14
2304.15
2710.03
1204.82
2384.74
2332.81
2364.07
1259.97
2220.58
2608.70
5940.59
2583.98
2427.18
1231.53
2304.15
2435.06
2135.23
1140.68
2683.36
2394.25
1254.18
2332.81
2304.15
1274.43
2595.16
5639.10
1174.17
1237.62
2248.88
2286.59
1234.06
2152.08
2865.33
1145.04
2469.14
2220.58
1274.43
1257.33
2274.45
2622.38
1005.70
2413.52
2352.94
1245.33
2295.33
2267.57
2620.09
2958.58
2546.69
2352.94
1251.56
2267.57
2382.84
1277.14
2645.50
2548.85
1223.49
1262.63
2352.94
2247.19
1262.63
2572.90
5940.59
1178.78
2323.78
2238.81
1274.43
2479.34
2194.59
2849.00
1171.42
2425.22
2230.48
1237.11
2247.19
2343.75
1154.73
5952.38
2459.02
1220.50
1234.57
2313.03
2222.22
1166.41
2895.75
2595.16
1234.57
2230.48
2238.81
1274.43
1271.19
2724.80
2657.22
1199.52
2314.81
2313.03
1256.81
2222.22
2525.25
5952.38
2683.36
2352.94
2248.88
1274.43
2446.98
2102.31
1149.87
2583.98
2415.46
1248.44
2352.94
2295.33
2314.81
1169.13
5952.38
2394.25
1202.40
2265.86
2293.58
1231.53
2118.64
2865.33
2608.70
1248.44
2228.83
2304.15
1242.75
2304.15
2685.77
1184.37
2437.04
2332.81
1245.85
1289.21
2230.48
2597.40
1106.19
2583.98
2364.07
1240.18
2284.84
2437.04
1259.97
1152.52
2671.42
2479.34
