581.51
1130.80
1140.68
615.89
1133.36
1172.79
600.84
1134.22
1271.73
604.84
1127.82
1219.51
600.36
1120.24
1100.51
1134.22
594.29
1134.64
1124.86
589.62
1179.71
1115.24
599.76
1277.14
1157.41
614.75
1211.63
1132.08
601.08
1101.73
1141.12
593.35
1123.17
1128.24
587.54
602.89
1103.75
1099.30
585.71
1152.52
1124.02
609.01
1121.50
1173.25
608.52
1155.18
1252.61
595.83
1135.50
1207.24
607.66
1116.90
1101.32
1155.18
590.67
1135.50
1131.22
593.00
1173.25
1132.50
603.99
1251.04
1149.87
625.91
1222.99
1132.08
593.59
1090.51
1150.75
598.68
1145.91
1113.59
590.67
1167.77
1132.50
614.63
576.48
1150.75
1149.43
598.80
1149.43
1158.30
606.31
1144.16
1271.73
599.88
1107.83
1232.03
602.53
1126.13
1091.31
577.48
1139.38
1140.68
615.13
586.28
1161.89
1133.79
605.69
1277.14
1138.52
610.75
1229.00
1133.79
605.08
1102.94
1143.29
595.00
1141.99
1113.59
593.82
1161.44
1134.64
609.88
1269.04
1139.82
1128.67
611.50
1144.60
1179.25
603.86
1127.40
1275.51
603.74
1134.22
1207.24
602.17
1121.08
1096.09
588.58
1152.96
1132.50
611.62
1135.93
1178.78
600.12
603.99
1263.69
1152.96
616.27
1210.65
1133.36
603.26
1095.69
1155.18
585.94
1135.93
1128.67
593.35
1173.71
1110.70
604.11
1256.28
1157.85
619.96
1204.34
1129.94
1173.25
608.27
1145.91
1250.00
595.24
1132.93
1207.24
610.25
1131.22
1096.09
583.09
1154.29
1139.82
595.95
1143.29
1170.96
606.43
1145.91
1247.40
1145.91
621.76
1230.52
1153.40
594.29
1088.14
1148.55
599.40
1152.52
1113.17
588.70
1160.54
1122.33
608.03
1268.50
1143.73
614.75
1241.72
1148.11
599.64
605.57
1145.91
1278.23
602.17
1092.50
1240.18
603.74
1129.94
1090.12
577.92
1138.95
1142.42
609.14
1141.55
1156.07
601.32
1136.79
1272.80
603.02
1124.02
1222.99
600.72
606.18
1100.11
1140.68
598.68
1134.64
1133.79
580.72
1178.32
1140.68
602.17
1276.60
1139.38
614.88
1214.08
1135.07
604.59
1095.69
1138.52
592.65
601.68
1134.64
1215.56
601.68
1101.73
1092.90
585.59
1156.96
1125.70
609.88
1129.52
1180.17
605.57
1154.29
1257.86
600.72
1128.67
1210.65
604.11
1110.70
1100.11
1160.09
588.70
1127.40
1134.22
590.55
1172.33
1124.86
602.53
1253.13
1147.67
625.39
1215.07
1122.75
594.18
1091.31
1150.75
598.21
1146.35
1124.02
587.31
1171.88
1136.79
1090.12
578.15
1152.96
1149.43
600.12
1132.50
1170.05
605.45
1146.79
1265.29
596.42
1111.11
1234.57
605.20
1123.60
1086.17
574.71
1142.86
1148.11
1108.24
586.74
1161.44
1122.33
609.01
1282.60
1136.79
613.62
1235.58
1132.50
603.50
1096.89
1137.66
600.24
1141.12
1108.65
584.23
1165.05
1133.79
1104.57
584.00
1129.94
1137.23
615.01
1132.93
1170.96
601.93
1129.94
1278.77
604.47
1126.97
1218.03
598.21
1118.99
1100.51
585.59
1145.48
1132.50
615.13
1136.79
1184.37
1117.73
601.44
1273.89
1156.96
613.37
1216.05
1133.36
600.96
1095.69
1148.55
593.24
1124.86
1130.37
588.00
1175.09
1101.32
600.60
1261.56
1151.19
622.02
607.90
1124.86
1176.01
608.40
1152.52
1257.33
595.71
1134.64
1203.37
605.08
1123.17
1098.10
584.11
1150.31
1139.38
597.37
1125.70
1174.63
604.84
610.50
1245.85
1149.43
628.67
1233.05
1139.82
594.88
1073.35
1144.16
600.36
1146.35
1118.57
589.39
1168.22
1132.93
607.90
1264.22
1148.11
624.61
1228.50
1145.48
598.56
604.72
1143.73
1278.23
598.44
1104.57
1235.08
601.68
1128.67
1092.10
576.48
1138.52
1138.09
607.41
1141.55
1160.09
603.26
1142.86
1280.41
603.62
613.37
1234.57
1131.65
603.99
1106.19
1136.36
596.07
1143.73
1105.38
591.13
1171.88
1128.67
606.92
1268.50
1137.23
607.16
1223.99
1136.36
601.20
1101.73
1126.13
1274.97
605.20
1133.79
1215.07
600.84
1111.93
1092.90
590.55
1154.29
1132.08
611.87
1135.07
1183.43
599.40
1153.40
1261.56
598.92
1128.24
1210.65
605.45
604.35
1095.69
1155.18
587.89
1128.24
1134.64
588.58
1178.78
1111.93
605.20
1249.48
1156.07
619.71
1205.30
1126.97
594.65
1098.90
1157.41
592.77
598.32
1124.86
1227.50
607.66
1132.93
1092.10
584.80
1150.31
1142.86
599.04
1141.99
1168.22
609.14
1144.16
1254.18
595.24
1115.24
1238.13
606.43
1132.93
1082.64
1145.48
599.16
1152.07
1110.70
587.31
1162.79
1124.02
610.38
1269.04
1140.68
615.26
1239.16
1147.23
597.61
1102.13
1141.99
598.09
1145.48
1107.01
588.58
605.08
1117.32
1104.57
575.26
1134.22
1141.12
612.75
1132.50
1159.64
596.42
1143.29
1278.23
605.69
1121.91
1222.49
600.12
1137.23
1100.11
1141.12
598.68
1131.22
1130.37
583.77
1176.93
1119.40
606.18
1272.80
1147.23
610.13
1212.61
1141.12
604.47
1098.50
1132.08
591.72
1125.70
1133.36
583.54
1184.37
1103.35
1091.70
589.62
1147.23
1130.37
609.51
1129.09
1177.39
603.62
1153.85
1258.92
599.04
1128.24
1209.19
606.67
1101.32
1098.10
586.62
1155.18
1129.09
1128.24
591.95
1176.47
1114.83
609.26
1246.88
1155.62
626.83
1212.61
1125.70
595.24
1092.90
1143.29
595.95
1148.99
1123.60
589.28
1171.42
1128.24
613.50
579.15
1149.43
1150.31
600.12
1133.79
1166.86
601.93
1148.11
1248.96
596.07
1114.41
1238.65
603.02
1125.28
1080.69
576.15
1146.79
1148.55
601.56
1157.85
1161.44
1119.82
609.63
1278.77
1138.52
614.00
1239.16
1130.37
602.05
1098.10
1146.35
600.84
1147.23
1098.10
587.66
1161.89
1135.93
604.23
1277.68
1132.50
607.90
1226.99
1141.12
1170.50
599.64
1132.50
1271.19
602.29
1135.07
1220.50
601.20
1135.93
1094.49
586.97
1141.12
1134.22
616.52
1132.08
1175.55
601.44
601.68
1270.65
1158.30
614.00
1216.55
1134.22
602.53
1096.49
1143.73
593.71
1125.28
1129.09
588.35
1177.86
1103.75
599.88
1259.45
1149.43
620.48
1207.73
1126.97
1177.86
605.57
1153.85
1242.75
594.77
1137.66
1199.52
606.43
1116.90
1099.30
582.98
1149.87
1135.93
599.04
1118.99
1170.96
612.62
1143.73
1253.66
1153.85
628.27
1214.57
1126.13
592.07
1087.74
1148.55
601.81
1142.86
1115.66
583.20
1171.42
1132.93
609.38
1269.04
1142.86
619.96
1231.53
1146.35
599.88
609.51
1139.82
1277.68
598.21
1102.94
1233.05
600.84
1121.50
1091.31
576.04
1135.07
1144.16
611.75
1132.93
1162.34
602.29
1137.66
1277.14
1129.94
611.37
1230.01
1132.08
604.59
1103.35
1135.50
600.60
1138.09
1118.15
585.37
1171.42
1123.17
606.92
1271.73
1138.09
609.14
1219.51
1133.79
603.26
603.99
1128.24
1274.43
603.74
1127.82
1211.14
598.09
1111.52
1099.71
584.68
1155.62
1129.94
615.01
1132.50
1178.32
607.41
1148.55
1269.04
600.24
1130.37
1210.17
1124.86
597.97
1100.11
1149.43
593.00
1125.28
1137.66
591.37
1173.71
1108.65
602.41
1252.61
1148.99
624.09
1204.82
1125.28
595.95
1098.10
1149.43
1252.09
594.77
1126.97
1213.10
611.00
1119.82
1097.69
580.61
1150.75
1143.29
597.01
1130.80
1174.63
605.33
1148.11
1252.09
596.30
1116.49
1226.49
608.77
1133.79
1081.08
1146.35
600.00
1151.19
1107.83
589.62
1157.85
1124.44
605.94
1271.73
1143.29
620.48
1237.62
1152.07
597.61
1102.54
1140.25
598.32
1142.42
1101.73
588.00
603.26
1119.40
1102.94
576.04
1135.93
1141.55
612.62
1136.79
1162.79
597.49
1139.82
1279.86
605.45
1123.60
1219.02
597.97
1130.80
1101.32
1137.66
597.97
1132.08
1123.60
589.51
1173.25
1133.79
608.03
1270.11
1147.23
609.76
1214.08
1133.79
603.74
1097.29
1139.82
592.18
1126.97
1135.07
584.34
1185.30
1104.97
1090.12
591.95
1151.19
1136.79
609.51
1131.22
1176.47
603.86
1151.19
1256.81
598.44
1129.09
1207.73
606.92
1105.38
1100.11
587.08
1161.44
1128.67
1131.22
591.48
1177.39
1113.17
606.31
1252.09
1158.30
620.73
1220.01
1138.52
594.41
1093.29
1143.29
597.13
1147.23
1120.66
589.97
1176.01
1130.80
609.26
579.60
1152.96
1152.07
600.60
1148.11
1162.79
607.29
1146.79
1258.92
595.71
1110.70
1237.62
608.77
1123.17
1092.90
570.88
1144.16
1151.19
604.35
1148.99
1160.09
1120.24
614.75
1275.51
1141.55
612.00
1235.58
1141.12
602.17
1097.69
1142.42
598.56
1144.16
1111.11
587.66
1159.20
1132.50
604.84
1276.60
1134.22
1144.16
614.38
1141.99
1167.32
603.38
1126.13
1269.04
605.33
1129.52
1223.49
599.40
1115.66
1102.54
584.68
1138.52
1128.24
616.52
1132.93
1171.88
601.32
606.18
1273.89
1151.63
615.51
1211.14
1133.79
606.18
1092.10
1148.11
591.13
1127.40
1132.93
587.31
1176.47
1094.09
603.99
1263.16
1156.52
621.25
1204.82
1118.15
1171.42
607.53
1156.96
1255.23
596.18
1132.08
1208.22
606.18
1114.41
1099.30
585.94
1156.96
1132.93
596.30
1129.94
1178.78
606.92
1149.43
1248.96
1149.87
629.19
1229.00
1139.82
594.88
1081.47
1148.11
601.93
1148.99
1117.73
586.05
1170.50
1135.07
613.00
1263.16
1148.11
621.25
1238.13
1146.79
598.44
611.50
1138.95
1272.80
598.44
1100.92
1233.55
605.33
1122.75
1086.17
575.15
1138.95
1144.16
607.66
1135.93
1158.30
602.77
1141.12
1274.97
603.50
614.00
1237.62
1128.67
601.56
1107.42
1137.23
599.16
1140.68
1116.49
584.68
1173.25
1126.13
603.62
1271.19
1136.36
607.29
1215.07
1131.22
603.50
601.68
1129.09
1277.14
602.41
1135.93
1212.61
600.96
1127.82
1095.29
588.24
1159.20
1128.67
615.51
1132.50
1179.71
607.78
1148.11
1268.50
600.12
1129.09
1214.08
1129.09
599.52
1097.29
1150.31
595.95
1122.33
1135.07
590.20
1176.93
1111.93
602.17
1254.18
1148.11
624.09
1205.79
1123.17
594.53
606.92
1149.87
1251.04
596.18
1127.40
1219.51
606.92
1126.13
1092.50
579.82
1152.96
1144.16
601.44
1125.28
1175.55
605.94
1149.87
1256.81
594.18
1111.11
1229.00
604.23
595.71
1081.47
1143.73
601.08
1149.43
1109.06
586.40
1160.54
1124.44
607.04
1277.68
1139.82
617.41
1234.06
1145.04
600.12
1084.21
1141.55
1275.51
601.81
1098.10
1235.08
601.81
1126.97
1093.69
578.93
1133.36
1141.12
612.75
1131.65
1162.34
598.92
1140.25
1274.43
604.35
1110.70
1229.51
598.32
603.62
1106.19
1129.94
597.37
1128.67
1122.33
586.51
1176.93
1122.75
604.84
1276.05
1148.55
609.88
1222.49
1132.93
602.89
1098.10
1130.80
594.06
605.45
1128.67
1218.52
601.44
1102.13
1094.49
588.70
1157.85
1126.97
609.01
1133.36
1175.09
604.35
1153.40
1254.18
597.85
1133.36
1198.56
606.67
1102.54
1096.49
1156.07
590.09
1128.24
1131.22
591.72
1177.39
1118.99
606.55
1246.88
1152.52
626.44
1213.10
1126.55
592.65
1096.09
1147.67
597.37
1146.79
1122.75
591.13
609.38
1138.52
1088.14
578.48
1153.85
1150.31
599.40
1148.11
1163.69
609.63
1141.12
1259.97
597.13
1106.60
1238.13
602.17
1122.75
1081.08
1146.79
599.28
1149.87
1102.13
589.28
1163.69
1120.66
614.12
1278.23
1141.55
612.37
1230.52
1146.35
599.88
1103.75
1139.38
599.64
1144.60
1110.29
588.35
603.14
1122.75
1105.79
575.37
1137.23
1138.95
611.25
1137.66
1165.05
601.20
1125.70
1269.04
606.67
1131.22
1220.50
599.28
1133.36
1102.54
1129.52
594.88
1125.28
1137.23
583.32
1177.86
1125.28
606.18
1277.68
1150.75
617.28
1204.34
1137.66
609.38
1090.12
1152.96
586.51
1131.22
1133.79
589.62
1179.71
1091.31
1093.69
588.70
1156.07
1129.52
605.94
1130.80
1179.71
603.26
1155.62
1253.13
596.42
1130.37
1210.17
609.51
1114.83
1096.09
586.40
1159.20
1135.50
1128.67
587.54
1172.33
1127.82
602.89
1252.61
1150.75
626.44
1212.61
1129.94
594.06
1086.56
1145.91
600.24
1149.43
1118.99
590.09
1169.13
1130.80
613.87
577.03
1146.35
1155.18
600.00
1150.31
1158.75
607.41
1146.35
1269.04
598.56
1104.57
1228.00
609.38
1117.73
1107.01
571.21
1141.55
1147.67
608.52
1135.93
1156.52
1128.24
607.16
1278.77
1135.50
611.37
1235.08
1131.65
605.57
1104.97
1140.25
599.28
1140.25
1117.32
585.82
1171.42
1130.37
604.72
1270.65
1137.66
1136.36
614.12
1134.22
1176.01
599.52
1133.36
1278.23
601.93
1135.93
1213.10
600.84
1129.94
1088.53
590.32
1149.43
1132.08
612.62
1131.65
1180.64
608.89
602.53
1271.73
1159.64
614.75
1218.03
1132.08
600.60
1096.49
1149.43
594.88
1124.02
1132.08
591.95
1180.17
1117.73
603.26
1256.28
1151.63
624.22
1204.82
1126.13
1177.86
607.90
1152.52
1251.56
594.18
1132.50
1215.07
607.04
1121.08
1094.49
580.38
1152.96
1145.04
594.18
1126.97
1175.55
607.16
1148.99
1250.00
1152.52
628.01
1218.52
1129.09
595.59
1081.08
1144.60
602.77
1145.48
1114.41
583.54
1167.77
1129.52
600.84
1284.25
1135.50
617.54
1236.09
1138.95
598.80
604.96
1142.42
1279.86
598.44
1102.94
1240.69
602.05
1129.09
1094.49
579.15
1131.22
1143.73
614.50
1124.86
1160.54
599.40
1134.22
1273.34
1129.09
608.77
1233.55
1129.94
603.62
1102.94
1131.65
599.28
1132.08
1132.93
579.15
1174.17
1142.42
599.04
1276.05
1138.09
614.50
1208.70
1132.93
605.45
602.77
1144.16
1272.26
599.64
1128.24
1211.14
600.48
1106.19
1099.30
584.57
1157.41
1124.02
611.00
1129.09
1178.78
609.01
1147.67
1264.22
596.54
1137.23
1205.30
1122.75
597.37
1100.51
1155.18
595.00
1129.52
1137.66
592.07
1171.42
1118.99
606.80
1247.92
1156.52
629.33
1208.22
1124.44
594.18
1093.29
1153.40
1243.27
595.47
1116.90
1213.10
609.14
1137.66
1086.17
579.71
1149.87
1148.99
598.68
1128.67
1169.59
604.96
1148.99
1257.33
597.61
1111.11
1241.21
602.89
598.44
1078.36
1141.99
598.44
1146.79
1107.01
590.90
1157.41
1121.50
606.18
1276.05
1136.36
613.50
1235.58
1136.36
602.05
1094.89
1142.42
599.64
603.86
1101.32
1233.55
604.35
1132.08
1103.35
577.92
1132.08
1138.09
615.26
1135.07
1168.68
597.13
1135.50
1269.57
607.41
1129.52
1224.99
600.24
1126.97
1102.54
1133.79
596.54
1122.33
1136.79
581.17
1174.17
1120.66
603.99
1271.73
1159.64
608.52
1216.55
1132.93
606.43
1092.10
1147.23
589.97
1125.28
1135.50
587.54
605.82
1094.09
1092.10
589.74
1156.07
1133.79
604.35
1134.64
1182.50
600.36
1153.85
1251.56
598.09
1129.52
1209.68
608.89
1112.76
1099.30
1159.20
588.47
1136.79
1129.52
589.62
1177.86
1134.64
606.06
1253.66
1152.96
625.00
