3592.81
4457.65
4249.29
3554.50
4431.31
4255.32
1043.12
4316.55
3807.11
3851.09
437.76
3816.79
1042.75
5291.01
1015.92
3676.47
5190.31
3787.88
3708.28
5424.95
3856.04
4418.26
5226.48
4026.85
3671.97
427.29
4149.38
3735.99
424.63
4087.19
3735.99
5504.59
4267.43
3750.00
5405.41
991.41
3957.78
946.67
4335.26
3896.10
5033.56
4184.10
3816.79
5145.80
4587.16
4037.69
3571.43
4477.61
4237.29
3597.12
4418.26
4243.28
3870.97
4444.44
3797.47
3880.98
5154.64
3851.09
3731.34
5291.01
3816.79
3601.44
5199.31
3901.17
4477.61
4838.71
4178.27
4484.31
425.53
4137.93
3773.58
5494.51
4172.46
3754.69
5494.51
4385.96
1043.84
5291.01
995.02
3989.36
954.81
4231.31
1016.95
4934.21
997.67
4054.05
992.06
4573.17
1022.84
3546.10
4285.71
4279.60
3690.04
4373.18
4225.35
3937.01
4373.18
3792.67
3942.18
5263.16
3947.37
3783.10
5272.41
3880.98
3588.52
5136.99
3773.58
1010.44
4983.39
1008.74
4392.39
425.71
4109.59
1012.83
424.75
990.43
3792.67
423.13
4385.96
3880.98
5199.31
4255.32
3952.57
5291.01
4184.10
3773.58
5136.99
4219.41
4021.45
5199.31
4552.35
4026.85
984.25
4497.75
3916.45
3571.43
4373.18
4115.23
1027.05
4335.26
