0.00
0.00
0.00
0.00
0.00
0.00
0.00
0.00
0.00
0.00
0.00
0.00
0.00
0.00
0.00
0.00
0.00
0.00
0.00
0.00
0.00
0.00
0.00
0.00
0.00
0.00
0.00
0.00
0.00
0.00
0.00
0.00
0.00
0.00
0.00
0.00
0.00
0.00
0.00
0.00
0.00
0.00
0.00
0.00
0.00
0.00
0.00
0.00
0.00
0.00
0.00
0.00
0.00
0.00
0.00
0.00
0.00
0.00
0.00
0.00
0.00
0.00
0.00
0.00
0.00
0.00
0.00
0.00
0.00
0.00
0.00
0.00
0.00
0.00
0.00
0.00
0.00
0.00
0.00
0.00
0.00
0.00
0.00
0.00
0.00
0.00
0.00
0.00
0.00
0.00
0.00
0.00
0.00
0.00
0.00
0.00
0.00
0.00
0.00
0.00
0.00
0.00
0.00
0.00
0.00
0.00
0.00
0.00
0.00
0.00
0.00
0.00
0.00
0.00
0.00
0.00
0.00
0.00
0.00
0.00
0.00
0.00
0.00
0.00
0.00
0.00
0.00
0.00
0.00
0.00
0.00
0.00
0.00
0.00
0.00
0.00
0.00
0.00
0.00
0.00
0.00
0.00
0.00
0.00
0.00
0.00
0.00
0.00
0.00
0.00
0.00
0.00
0.00
0.00
0.00
0.00
0.00
0.00
0.00
0.00
0.00
0.00
0.00
0.00
0.00
0.00
0.00
0.00
0.00
0.00
0.00
0.00
0.00
0.00
0.00
0.00
0.00
0.00
0.00
0.00
0.00
0.00
0.00
0.00
0.00
0.00
0.00
0.00
0.00
0.00
0.00
0.00
0.00
0.00
0.00
0.00
0.00
0.00
0.00
0.00
0.00
0.00
0.00
0.00
0.00
0.00
0.00
0.00
0.00
0.00
0.00
0.00
0.00
0.00
0.00
0.00
0.00
0.00
0.00
0.00
0.00
0.00
0.00
0.00
0.00
0.00
0.00
0.00
0.00
0.00
0.00
0.00
0.00
0.00
0.00
0.00
0.00
0.00
0.00
0.00
0.00
0.00
0.00
0.00
0.00
0.00
0.00
0.00
0.00
0.00
0.00
0.00
0.00
0.00
0.00
0.00
0.00
0.00
0.00
0.00
0.00
0.00
0.00
0.00
0.00
0.00
0.00
0.00
0.00
0.00
0.00
0.00
0.00
0.00
0.00
0.00
0.00
0.00
0.00
0.00
0.00
0.00
0.00
0.00
0.00
0.00
0.00
0.00
0.00
0.00
0.00
0.00
0.00
0.00
0.00
0.00
0.00
0.00
0.00
0.00
0.00
0.00
0.00
0.00
0.00
0.00
0.00
0.00
0.00
0.00
0.00
0.00
0.00
0.00
0.00
0.00
0.00
0.00
0.00
0.00
0.00
0.00
0.00
0.00
0.00
0.00
0.00
0.00
0.00
0.00
0.00
0.00
0.00
0.00
0.00
0.00
0.00
0.00
0.00
0.00
0.00
0.00
0.00
0.00
0.00
0.00
0.00
0.00
0.00
0.00
0.00
0.00
0.00
0.00
0.00
0.00
0.00
0.00
0.00
0.00
0.00
0.00
0.00
0.00
0.00
0.00
0.00
0.00
0.00
0.00
0.00
0.00
0.00
0.00
0.00
0.00
0.00
0.00
0.00
0.00
0.00
0.00
0.00
0.00
0.00
0.00
0.00
0.00
0.00
0.00
0.00
0.00
0.00
0.00
0.00
0.00
0.00
0.00
0.00
0.00
0.00
0.00
0.00
0.00
0.00
0.00
0.00
0.00
0.00
0.00
0.00
0.00
0.00
0.00
0.00
0.00
0.00
0.00
0.00
0.00
0.00
0.00
0.00
0.00
0.00
0.00
0.00
0.00
0.00
0.00
0.00
0.00
0.00
0.00
0.00
0.00
0.00
0.00
0.00
0.00
0.00
0.00
0.00
0.00
0.00
0.00
0.00
0.00
0.00
0.00
0.00
0.00
0.00
0.00
0.00
0.00
0.00
0.00
0.00
0.00
0.00
0.00
0.00
0.00
0.00
0.00
0.00
0.00
0.00
0.00
0.00
0.00
0.00
0.00
0.00
0.00
0.00
0.00
0.00
0.00
0.00
0.00
0.00
0.00
0.00
0.00
0.00
0.00
0.00
0.00
0.00
0.00
0.00
0.00
0.00
0.00
0.00
0.00
0.00
0.00
0.00
0.00
0.00
0.00
0.00
0.00
0.00
0.00
0.00
0.00
0.00
0.00
0.00
0.00
0.00
0.00
0.00
0.00
0.00
0.00
0.00
0.00
0.00
0.00
0.00
0.00
0.00
0.00
0.00
0.00
0.00
0.00
0.00
0.00
0.00
0.00
0.00
0.00
0.00
0.00
0.00
0.00
0.00
0.00
0.00
0.00
0.00
0.00
0.00
0.00
0.00
0.00
0.00
0.00
0.00
0.00
0.00
0.00
0.00
0.00
0.00
0.00
0.00
0.00
0.00
0.00
0.00
0.00
0.00
0.00
0.00
0.00
0.00
0.00
0.00
0.00
0.00
0.00
0.00
0.00
0.00
0.00
0.00
0.00
0.00
0.00
0.00
0.00
0.00
0.00
0.00
0.00
0.00
0.00
0.00
0.00
0.00
0.00
0.00
0.00
0.00
0.00
0.00
0.00
0.00
0.00
0.00
0.00
0.00
0.00
0.00
0.00
0.00
0.00
0.00
0.00
0.00
0.00
0.00
0.00
0.00
0.00
0.00
0.00
0.00
0.00
0.00
0.00
0.00
0.00
0.00
0.00
0.00
0.00
0.00
0.00
0.00
0.00
0.00
0.00
0.00
0.00
0.00
0.00
0.00
0.00
0.00
0.00
0.00
0.00
0.00
0.00
0.00
0.00
0.00
0.00
0.00
0.00
0.00
0.00
0.00
0.00
0.00
0.00
0.00
0.00
0.00
0.00
0.00
0.00
0.00
0.00
0.00
0.00
0.00
0.00
0.00
0.00
0.00
0.00
0.00
0.00
0.00
0.00
0.00
0.00
0.00
0.00
0.00
0.00
0.00
0.00
0.00
0.00
0.00
0.00
0.00
0.00
0.00
0.00
0.00
0.00
0.00
0.00
0.00
0.00
0.00
0.00
0.00
0.00
0.00
0.00
0.00
0.00
0.00
0.00
0.00
0.00
0.00
0.00
0.00
0.00
0.00
0.00
0.00
0.00
0.00
0.00
0.00
0.00
0.00
0.00
0.00
0.00
0.00
0.00
0.00
0.00
0.00
0.00
0.00
0.00
0.00
0.00
0.00
0.00
0.00
0.00
0.00
0.00
0.00
0.00
0.00
0.00
0.00
0.00
0.00
0.00
0.00
0.00
0.00
0.00
0.00
0.00
0.00
0.00
0.00
0.00
0.00
0.00
0.00
0.00
0.00
0.00
0.00
0.00
0.00
0.00
0.00
0.00
0.00
0.00
0.00
0.00
0.00
0.00
0.00
0.00
0.00
0.00
0.00
0.00
0.00
0.00
0.00
0.00
0.00
0.00
0.00
0.00
0.00
0.00
0.00
0.00
0.00
0.00
0.00
0.00
0.00
0.00
0.00
0.00
0.00
0.00
0.00
0.00
0.00
0.00
0.00
0.00
0.00
0.00
0.00
0.00
0.00
0.00
0.00
0.00
0.00
0.00
0.00
0.00
0.00
0.00
0.00
0.00
0.00
0.00
0.00
0.00
0.00
0.00
0.00
0.00
0.00
0.00
0.00
0.00
0.00
0.00
0.00
1;0.25;3;0;0.1
0.00
0.00
0.00
0.00
0.00
0.00
0.00
0.00
0.00
0.00
0.00
0.00
0.00
0.00
0.00
0.00
0.00
0.27
0.27
0.27
107.27
107.27
107.27
116.78
116.78
116.78
107.82
107.82
114.61
114.61
114.61
113.05
113.05
113.05
104.19
104.19
113.10
113.10
113.10
123.48
123.48
142.62
142.62
147.15
147.15
167.85
185.09
185.09
210.35
242.93
267.14
308.32
335.27
328.77
300.30
649.63
465.33
206.55
190.34
173.46
173.46
139.74
127.61
127.61
140.90
140.90
156.99
175.06
175.06
206.47
236.80
455.79
259.99
240.44
178.90
178.90
232.65
256.87
270.98
296.77
317.19
327.23
326.41
299.58
271.67
283.31
294.18
298.92
311.40
309.47
300.48
295.36
291.63
289.44
285.39
306.44
737.28
506.59
298.48
182.66
133.26
133.26
133.19
133.19
133.19
134.13
134.13
149.60
149.60
153.07
188.05
188.05
223.38
242.50
264.67
308.13
335.46
328.48
311.01
300.21
277.34
271.17
295.25
289.94
305.62
312.60
301.90
294.84
291.66
292.94
284.50
301.33
316.32
306.50
298.60
303.89
296.38
298.72
301.90
303.43
300.09
292.20
298.98
295.92
307.22
308.45
288.30
288.93
293.40
295.30
298.89
302.57
304.57
298.54
298.12
302.76
296.65
296.50
305.69
297.32
303.43
292.48
294.35
290.25
296.38
304.14
297.09
301.54
310.40
295.86
292.17
298.09
301.87
297.32
299.10
300.93
730.82
505.73
302.72
204.12
129.23
129.23
148.23
148.23
157.66
157.66
174.41
174.41
189.75
213.23
223.13
223.13
246.47
281.11
308.71
305.69
306.87
302.05
301.63
298.86
301.72
301.72
294.41
302.27
302.27
304.51
295.92
295.92
287.77
292.97
299.16
288.05
295.54
311.72
319.11
302.48
283.66
290.92
694.12
346.10
311.85
295.16
246.12
252.78
262.81
291.21
314.53
296.03
291.74
292.57
302.97
282.33
289.91
310.08
311.88
286.12
286.62
304.26
302.69
289.46
290.22
300.57
303.80
304.72
296.74
288.93
296.62
292.85
298.72
295.86
299.52
285.74
285.74
314.04
304.07
304.07
283.85
287.25
294.93
296.91
310.46
310.43
300.39
292.40
291.60
288.52
305.59
321.65
301.81
300.54
275.28
274.52
274.85
293.23
312.76
307.28
310.85
310.62
299.04
293.03
287.66
294.26
303.09
309.41
317.26
303.06
288.66
301.96
278.04
293.77
297.44
296.27
296.71
300.15
301.24
292.85
296.27
306.81
303.43
304.20
304.48
299.46
297.65
297.97
301.27
296.30
301.20
308.80
281.98
286.48
286.01
283.21
294.44
308.32
313.05
299.70
301.93
302.69
291.89
297.83
304.82
296.88
296.62
299.73
298.54
298.42
302.91
307.35
282.30
286.86
285.20
286.04
297.35
312.66
307.41
291.49
291.57
302.69
301.36
303.46
304.41
296.62
295.95
301.63
295.65
299.97
304.17
305.94
285.82
297.83
297.50
288.68
293.20
306.59
302.76
300.54
306.84
295.25
294.78
309.85
314.83
289.30
287.19
305.03
305.78
302.76
307.85
301.81
289.46
299.46
294.67
290.50
294.96
302.05
300.75
301.08
308.99
291.63
295.97
310.21
312.01
288.93
289.10
303.77
307.41
303.71
306.59
290.02
278.66
306.34
298.09
284.79
286.15
293.46
299.97
312.89
316.39
283.02
287.16
310.33
306.56
287.63
291.83
303.95
305.84
305.28
305.31
301.90
289.69
302.97
288.13
293.86
301.11
301.11
302.66
306.12
301.96
301.96
277.55
284.50
298.78
300.12
306.15
312.17
299.61
294.87
288.77
289.69
294.44
294.52
310.46
303.67
308.67
311.72
289.52
292.51
294.03
291.77
297.03
309.69
319.18
305.31
286.10
287.71
280.16
290.39
311.69
310.11
318.95
702.08
373.46
166.36
107.02
105.40
105.40
134.98
134.98
126.36
126.36
138.79
138.79
168.80
168.80
201.45
218.53
245.90
275.63
314.43
328.73
299.91
292.03
289.52
297.15
313.61
309.37
300.18
283.13
284.55
291.32
307.09
305.69
290.00
299.64
316.89
305.47
285.99
290.30
301.48
309.09
301.33
303.03
294.58
300.81
301.84
299.07
303.24
295.89
288.52
294.67
309.69
299.49
280.61
290.61
309.53
300.18
285.99
291.74
302.02
307.50
304.04
301.11
295.57
301.02
301.20
297.91
307.53
289.58
277.98
277.98
307.66
307.66
292.77
291.35
311.11
301.05
301.05
286.86
290.75
291.57
301.33
312.66
309.63
297.86
299.34
285.55
288.49
303.12
292.03
301.75
307.47
315.49
297.89
295.28
305.25
294.61
293.46
297.29
619.32
327.12
156.49
142.73
142.73
144.22
178.12
178.12
190.14
230.88
257.29
257.29
279.80
313.71
309.21
304.44
304.44
289.30
275.33
288.85
303.49
303.15
303.28
303.06
298.21
297.56
301.57
299.88
296.88
297.38
301.57
297.68
298.33
679.35
359.71
295.28
552.89
345.66
230.56
130.37
97.13
97.13
161.04
161.04
177.24
214.55
214.55
236.11
259.11
291.32
310.88
327.15
317.80
291.29
284.28
285.33
288.71
309.34
322.27
298.18
299.07
277.39
265.44
277.06
303.37
318.17
307.38
302.88
303.00
292.00
297.15
305.34
296.41
297.53
298.75
297.80
297.62
302.51
306.81
283.29
287.74
285.23
283.39
296.65
311.14
307.76
293.08
290.92
299.04
300.96
303.74
305.59
296.71
296.44
301.54
294.67
299.70
303.03
304.88
285.01
298.24
296.65
288.38
291.91
305.06
301.93
299.97
307.57
295.19
295.60
308.90
316.42
291.35
286.26
303.80
305.72
303.09
308.29
301.24
288.35
298.95
292.83
289.66
293.77
301.27
302.94
302.57
307.85
290.89
296.53
310.88
314.33
290.73
287.22
301.66
306.59
303.86
307.72
300.36
289.38
301.48
289.94
292.91
295.13
290.92
291.29
309.76
317.33
284.79
287.00
309.47
306.44
289.02
289.63
300.69
304.23
305.19
305.47
301.48
289.63
302.69
288.18
294.06
299.94
295.42
304.54
306.91
303.00
277.44
287.80
308.64
305.28
286.64
293.03
299.88
307.13
303.89
303.67
300.63
292.31
299.22
289.16
289.16
302.72
302.72
293.86
309.66
297.24
297.24
277.73
286.53
297.80
298.42
306.87
313.91
298.60
293.80
291.60
289.27
308.01
304.01
309.47
301.27
300.00
297.86
285.80
296.03
307.19
296.91
303.06
307.00
305.41
298.27
298.51
301.20
294.61
298.80
303.58
297.86
303.18
295.01
290.14
292.31
297.00
296.65
294.93
306.03
308.07
292.68
292.54
306.59
310.11
309.37
301.14
298.00
281.74
290.53
298.21
302.39
315.76
306.78
291.40
289.02
287.16
279.38
292.03
310.49
319.05
297.86
281.93
293.86
293.60
304.11
312.57
307.63
297.89
293.92
287.55
294.46
316.72
306.78
306.56
293.71
291.80
275.58
286.31
307.72
312.86
298.80
299.67
302.30
295.51
298.95
301.72
297.09
293.57
301.72
295.60
298.95
307.66
290.30
291.55
301.69
313.71
293.28
294.32
312.99
309.02
292.94
285.39
292.31
292.85
307.50
313.94
303.98
296.94
304.38
296.24
299.22
309.31
284.17
292.80
302.36
309.34
293.48
293.94
302.42
294.81
293.54
300.33
294.44
297.09
300.36
299.31
296.06
296.56
301.63
506.50
299.22
311.24
271.22
282.22
299.73
297.44
280.30
283.29
306.47
301.33
287.91
290.73
290.73
287.74
294.29
301.72
297.09
297.59
296.85
300.48
295.77
302.39
308.55
283.80
289.97
288.24
279.28
293.92
307.31
313.55
302.82
303.80
302.11
291.29
297.59
304.82
295.28
296.59
299.64
295.92
296.71
301.60
306.28
282.11
289.38
285.85
281.98
296.56
309.89
307.28
302.39
304.11
299.79
291.52
298.54
303.28
296.24
295.45
301.30
294.35
299.61
303.31
305.87
285.20
298.66
296.74
288.38
291.35
304.82
303.37
302.15
307.38
294.99
294.06
307.57
2;0.25;3;0;0.1
316.06
303.24
298.89
341.37
397.35
443.66
443.26
453.31
441.96
443.79
446.36
443.79
446.56
438.40
460.19
445.04
452.35
449.57
460.62
455.30
452.22
444.58
445.43
445.63
447.16
461.82
438.02
453.31
444.38
449.44
446.83
450.65
454.06
436.94
441.96
453.93
452.01
448.77
460.90
443.20
458.44
453.04
452.56
447.83
454.68
459.56
439.50
457.81
445.90
453.17
446.69
454.41
439.05
440.98
450.25
440.01
443.79
1183.90
443.20
178.90
172.49
154.82
116.32
116.32
129.44
129.44
129.44
137.83
137.83
148.57
163.95
163.95
182.43
182.43
206.11
243.39
274.80
303.15
331.56
408.78
419.87
476.19
477.48
451.60
439.11
437.89
445.63
446.96
445.77
446.56
459.84
435.03
448.97
459.77
459.84
447.56
449.91
450.72
456.48
443.52
442.67
444.91
433.71
458.44
448.03
451.60
451.81
449.71
451.20
450.05
452.22
455.44
444.31
441.50
454.27
438.53
1215.07
446.63
441.11
451.40
442.28
449.37
441.05
450.38
451.33
443.20
440.79
442.94
434.85
439.69
449.91
444.18
453.04
451.06
454.75
446.89
454.68
446.50
460.90
440.40
445.04
453.65
440.40
458.86
444.31
449.71
447.49
447.36
446.16
443.00
446.89
450.45
434.40
443.98
447.96
435.86
460.55
452.83
466.06
456.48
450.11
453.17
446.03
456.14
451.06
1104.57
349.28
276.42
169.15
126.40
126.40
184.59
322.48
287.33
216.28
243.98
262.24
297.06
316.09
349.20
375.85
438.47
453.72
456.69
447.63
464.83
430.73
439.75
423.67
441.83
445.96
450.59
451.60
438.34
459.56
443.13
450.38
448.50
456.27
430.97
448.50
449.44
455.65
452.35
446.50
452.35
444.05
459.35
447.63
452.90
447.36
457.95
458.58
451.26
446.89
442.41
447.36
445.10
459.56
442.28
445.24
447.09
446.56
447.36
449.37
455.93
434.78
446.23
442.80
445.90
444.77
461.47
443.59
453.31
457.46
450.72
451.67
451.88
461.75
436.36
756.05
456.48
462.04
450.18
454.13
445.50
437.89
457.25
439.50
447.16
444.84
457.53
452.35
454.48
437.96
451.20
436.49
455.24
460.48
438.85
459.07
439.30
746.64
446.76
456.55
455.86
440.08
439.11
444.77
450.32
449.10
454.82
438.72
443.39
451.94
437.32
446.50
470.51
465.12
432.34
436.17
441.05
459.42
438.98
461.33
450.99
450.05
456.14
444.77
453.45
446.50
456.41
455.93
443.52
442.02
448.03
432.34
451.13
447.69
437.76
455.65
446.16
451.40
441.57
455.03
450.72
443.39
438.98
454.41
435.48
455.30
462.96
455.51
460.62
445.04
451.88
441.70
451.74
449.91
459.70
440.85
441.31
436.30
439.50
450.92
446.16
457.46
455.17
457.32
450.18
454.89
447.36
460.26
439.56
444.25
453.45
439.24
459.14
445.30
450.25
449.78
443.33
449.03
440.66
446.43
449.17
434.22
444.38
447.96
434.09
461.11
452.83
465.04
454.82
449.10
453.45
443.39
457.39
451.88
464.32
442.41
439.11
427.78
438.15
450.18
449.57
452.56
440.27
456.07
446.23
447.23
447.76
453.65
431.41
446.50
450.18
451.81
454.06
447.63
454.96
447.49
457.46
449.98
451.40
449.17
454.96
461.18
447.56
449.98
440.85
449.71
446.63
454.96
444.05
440.08
448.77
441.57
448.56
448.50
459.49
434.15
447.03
439.95
446.36
444.38
460.76
447.96
445.17
460.05
444.58
452.69
448.70
460.33
434.22
453.86
453.72
458.65
448.36
451.40
446.43
439.05
457.95
444.64
449.51
445.57
461.61
454.20
456.14
441.24
449.17
441.24
450.65
461.18
439.17
457.95
438.60
451.33
446.50
453.31
453.65
438.66
437.38
445.43
449.37
460.62
466.13
445.30
446.23
442.22
454.13
445.10
457.74
457.11
440.92
452.83
447.43
454.27
449.30
461.04
439.11
445.96
454.75
436.49
445.57
445.43
450.25
455.65
449.30
438.47
448.97
433.15
459.91
450.38
451.40
457.11
442.67
454.20
445.30
457.53
456.07
442.94
440.72
449.10
432.15
450.45
456.76
450.45
460.19
451.81
454.13
443.72
454.68
449.24
442.87
440.53
453.86
437.64
451.26
455.17
442.67
455.37
444.31
450.92
449.91
451.88
449.98
458.09
442.48
442.94
456.27
439.69
456.62
445.17
446.30
452.35
442.41
450.38
436.05
447.23
458.16
451.74
446.83
454.48
435.79
459.56
453.51
463.54
455.44
444.91
450.92
438.60
447.63
740.92
434.22
444.77
459.21
447.23
460.33
446.16
452.69
450.32
447.63
453.72
441.63
457.81
450.99
466.35
431.28
452.97
449.17
457.88
448.43
451.60
450.38
442.94
451.26
444.97
452.69
446.10
464.61
429.06
436.94
426.50
439.30
460.83
448.16
455.24
446.50
458.44
451.74
448.70
449.64
454.75
461.25
448.56
450.99
440.27
448.56
446.03
454.48
444.25
441.83
451.67
438.72
448.63
446.16
459.21
433.90
449.37
449.64
460.19
449.98
460.83
449.30
446.96
460.69
440.79
450.59
448.50
460.41
434.22
454.68
443.07
444.31
444.51
449.51
445.10
437.51
460.55
451.94
464.90
451.47
461.18
453.24
454.55
440.92
447.89
441.70
450.52
460.48
435.86
456.69
440.53
451.06
445.43
453.72
453.38
437.45
439.24
453.51
3;0.25;3;0;0.1
451.94
449.98
472.89
544.86
588.58
631.05
612.12
591.02
567.21
577.37
604.72
607.29
615.13
577.37
596.30
616.52
591.25
592.42
579.82
581.85
606.80
584.68
615.38
609.14
618.43
584.00
591.37
606.92
596.30
573.39
589.62
578.37
606.18
619.58
613.50
571.86
562.11
608.15
614.38
581.17
593.71
583.43
621.38
598.92
615.51
599.04
594.53
609.51
611.50
579.26
597.85
584.80
612.62
599.28
614.25
601.20
591.37
601.93
616.65
589.16
610.38
595.47
607.53
606.43
591.13
586.74
574.71
599.88
633.04
593.00
607.04
588.58
594.77
611.25
600.84
589.62
575.59
595.59
634.92
593.24
601.32
595.47
594.65
606.80
597.37
585.94
577.15
596.66
633.45
595.12
594.18
601.93
594.88
611.62
592.30
585.37
583.09
601.08
629.99
599.40
591.60
605.20
595.95
592.77
576.81
591.83
600.96
595.95
615.38
600.36
586.40
604.35
593.82
585.02
577.81
599.64
617.16
595.59
610.87
608.40
585.94
588.93
583.77
600.00
606.55
605.57
603.74
584.91
594.18
618.43
591.13
571.54
583.32
589.39
618.30
614.12
609.63
587.54
595.59
618.05
589.04
566.79
594.41
591.48
617.67
599.76
594.18
608.77
599.04
594.65
582.19
596.30
593.35
608.89
587.54
593.82
590.55
586.97
602.65
598.09
598.80
609.51
594.65
593.71
576.59
597.37
607.78
589.97
600.72
605.69
599.04
590.67
588.35
594.41
602.77
601.68
606.31
595.83
600.24
596.42
588.24
589.16
610.38
604.35
618.56
594.18
587.20
597.61
597.73
595.24
587.89
580.83
617.54
604.59
618.56
587.31
585.82
611.87
607.29
578.82
583.88
582.30
628.14
609.63
616.40
585.25
587.77
617.03
1678.79
562.32
582.98
585.25
636.27
613.25
613.62
583.88
586.85
618.68
601.44
557.93
587.54
590.09
628.27
611.50
611.00
578.03
586.97
615.01
602.53
565.08
596.90
584.00
614.00
613.62
602.53
585.25
588.00
611.37
608.89
565.29
601.32
590.43
607.53
605.94
593.00
585.14
584.68
603.02
617.54
578.59
610.38
600.00
605.69
615.51
595.59
587.31
585.48
601.32
622.66
574.93
602.29
603.62
597.49
604.59
577.03
588.81
578.15
602.17
624.87
579.15
597.61
607.66
594.77
607.16
574.49
583.09
579.49
596.66
611.00
608.15
612.12
576.70
572.85
613.37
601.68
593.71
580.27
590.32
606.06
601.81
610.75
591.95
583.20
615.89
589.85
590.78
574.93
588.70
612.87
617.03
613.87
571.21
554.32
611.87
591.13
593.00
576.48
589.16
615.13
616.65
605.57
588.35
568.07
617.79
588.81
578.37
572.41
595.47
619.20
609.88
586.62
592.18
569.04
605.94
579.71
594.29
585.48
595.24
597.01
597.13
593.71
589.97
580.72
625.65
610.25
589.04
569.91
598.21
612.49
603.02
591.60
593.94
578.37
618.43
594.18
577.48
565.82
597.85
620.35
601.56
586.05
598.80
580.61
617.79
591.25
575.48
572.41
599.16
618.81
599.88
578.93
602.41
580.16
609.51
592.42
584.23
586.97
603.38
614.63
601.93
577.59
604.72
574.82
591.02
589.28
591.72
602.65
596.66
602.65
607.53
571.32
583.77
572.96
605.33
603.99
595.24
577.48
592.18
599.64
595.71
614.50
600.60
586.28
604.23
594.65
587.66
578.15
600.24
615.76
597.13
612.00
608.64
586.05
589.62
583.88
599.28
607.41
604.11
598.09
584.91
592.77
615.13
596.42
583.32
592.89
595.00
614.38
604.84
593.59
589.85
593.59
614.12
591.48
577.03
601.20
593.35
619.32
600.36
594.29
608.40
601.81
597.49
581.62
579.93
616.52
600.00
620.09
594.77
592.53
612.75
600.96
589.51
589.39
584.57
625.13
603.14
619.07
595.95
594.06
614.63
597.13
579.71
593.94
580.95
624.74
598.32
615.01
593.12
593.59
614.12
601.56
573.83
597.73
586.74
620.22
600.48
614.00
595.95
592.89
608.64
604.35
575.26
603.74
589.74
614.00
605.20
612.87
578.59
584.11
607.66
0;0.25;3;0;0.1
615.01
576.48
577.81
192.64
191.20
150.88
100.39
75.22
60.14
50.10
42.93
37.55
33.38
30.04
27.30
25.02
23.10
21.45
20.02
18.76
17.66
16.68
15.80
15.01
14.29
13.64
13.05
12.51
12.01
11.54
11.12
10.72
10.35
10.00
9.68
9.38
9.09
8.83
8.57
8.34
8.11
7.90
7.69
7.50
7.32
7.14
6.98
6.82
6.67
6.52
6.38
6.25
6.12
6.00
5.88
5.77
5.66
5.56
5.46
5.36
5.26
5.17
5.09
5.00
4.92
4.84
4.76
4.69
4.62
4.55
4.48
4.41
4.35
4.29
4.23
4.17
4.11
4.05
4.00
3.95
3.90
3.85
3.80
3.75
3.70
3.66
3.61
3.57
3.53
3.49
3.45
3.41
3.37
3.33
3.30
3.26
3.23
3.19
3.16
3.13
3.09
3.06
3.03
3.00
2.97
2.94
2.91
2.88
2.86
2.83
2.80
2.78
2.75
2.73
2.70
2.68
2.66
2.63
2.61
2.59
2.56
2.54
2.52
2.50
2.48
2.46
2.44
2.42
2.40
2.38
2.36
2.34
2.33
2.31
2.29
2.27
2.26
2.24
2.22
2.21
2.19
2.17
2.16
2.14
2.13
2.11
2.10
2.08
2.07
2.05
2.04
2.03
2.01
2.00
1.99
1.97
1.96
1.95
1.94
1.92
1.91
1.90
1.89
1.88
1.86
1.85
1.84
1.83
1.82
1.81
1.80
1.79
1.78
1.76
1.75
1.74
1.73
1.72
1.71
1.70
1.70
1.69
1.68
1.67
1.66
1.65
1.64
1.63
1.62
1.61
1.60
1.60
1.59
1.58
1.57
1.56
1.55
1.55
1.54
1.53
1.52
1.52
1.51
1.50
0.00
0.00
0.00
0.00
0.00
0.00
0.00
0.00
0.00
0.00
0.00
0.00
0.00
0.00
0.00
0.00
0.00
0.00
0.00
0.00
0.00
0.00
0.00
0.00
0.00
0.00
0.00
0.00
0.00
0.00
0.00
0.00
0.00
0.00
0.00
0.00
0.00
0.00
0.00
0.00
0.00
0.00
0.00
0.00
0.00
0.00
0.00
0.00
0.00
0.00
0.00
0.00
0.00
0.00
0.00
0.00
0.00
0.00
0.00
0.00
0.00
0.00
0.00
0.00
0.00
0.00
0.00
0.00
0.00
0.00
0.00
0.00
0.00
0.00
0.00
0.00
0.00
0.00
0.00
0.00
0.00
0.00
0.00
0.00
0.00
0.00
0.00
0.00
0.00
0.00
0.00
0.00
0.00
0.00
0.00
0.00
0.00
0.00
0.00
0.00
0.00
0.00
0.00
0.00
0.00
0.00
0.00
0.00
0.00
0.00
0.00
0.00
0.00
0.00
0.00
0.00
0.00
0.00
0.00
0.00
0.00
0.00
0.00
0.00
0.00
0.00
0.00
0.00
0.00
0.00
0.00
0.00
0.00
0.00
0.00
0.00
0.00
0.00
0.00
0.00
0.00
0.00
0.00
0.00
0.00
0.00
0.00
0.00
0.00
0.00
0.00
0.00
0.00
0.00
0.00
0.00
0.00
0.00
0.00
0.00
0.00
0.00
0.00
0.00
0.00
0.00
0.00
0.00
0.00
0.00
0.00
0.00
0.00
0.00
0.00
0.00
0.00
0.00
0.00
0.00
0.00
0.00
0.00
0.00
0.00
0.00
0.00
0.00
0.00
0.00
0.00
0.00
0.00
0.00
0.00
0.00
0.00
0.00
0.00
0.00
0.00
0.00
0.00
0.00
0.00
0.00
0.00
0.00
0.00
0.00
0.00
0.00
0.00
0.00
0.00
0.00
0.00
0.00
0.00
0.00
0.00
0.00
0.00
0.00
0.00
0.00
0.00
0.00
0.00
0.00
0.00
0.00
0.00
0.00
0.00
0.00
0.00
0.00
0.00
0.00
0.00
0.00
0.00
0.00
0.00
0.00
0.00
0.00
0.00
0.00
0.00
0.00
0.00
0.00
0.00
0.00
0.00
0.00
0.00
0.00
0.00
0.00
0.00
0.00
0.00
0.00
0.00
0.00
0.00
0.00
0.00
0.00
0.00
0.00
0.00
0.00
0.00
0.00
0.00
0.00
0.00
0.00
0.00
0.00
0.00
0.00
0.00
0.00
0.00
0.00
0.00
0.00
0.00
0.00
0.00
0.00
0.00
0.00
0.00
0.00
0.00
0.00
0.00
0.00
0.00
0.00
0.00
0.00
0.00
0.00
0.00
0.00
0.00
0.00
0.00
0.00
0.00
0.00
0.00
0.00
0.00
0.00
0.00
0.00
0.00
0.00
0.00
0.00
0.00
0.00
0.00
0.00
0.00
0.00
0.00
0.00
0.00
0.00
0.00
0.00
0.00
0.00
0.00
0.00
0.00
0.00
0.00
0.00
0.00
0.00
0.00
0.00
0.00
0.00
0.00
0.00
0.00
0.00
0.00
0.00
0.00
0.00
0.00
0.00
0.00
0.00
0.00
0.00
0.00
0.00
0.00
0.00
0.00
0.00
0.00
0.00
0.00
0.00
0.00
0.00
0.00
0.00
0.00
0.00
0.00
0.00
0.00
0.00
0.00
0.00
0.00
0.00
0.00
0.00
0.00
0.00
0.00
0.00
0.00
0.00
0.00
0.00
0.00
0.00
0.00
0.00
0.00
0.00
0.00
0.00
0.00
0.00
0.00
0.00
0.00
0.00
0.00
0.00
0.00
0.00
0.00
0.00
0.00
0.00
0.00
0.00
0.00
0.00
0.00
0.00
0.00
0.00
0.00
0.00
0.00
0.00
0.00
0.00
0.00
0.00
0.00
0.00
0.00
0.00
0.00
0.00
3;0.25;3;0;0.1
0.00
0.00
0.00
0.00
0.00
0.00
0.00
0.00
0.00
0.00
0.00
0.00
0.00
0.45
0.45
0.45
0.45
0.45
66.48
66.48
66.48
113.37
113.37
111.82
111.82
111.82
99.81
99.81
99.81
113.42
113.42
115.95
115.95
115.95
106.11
106.11
106.11
114.46
114.46
132.22
132.22
149.71
149.71
166.13
166.13
195.68
224.06
248.49
272.11
330.32
321.61
377.26
430.91
508.65
540.54
642.95
636.54
574.71
578.93
598.32
629.46
590.09
601.93
605.45
597.13
591.48
584.45
599.16
596.90
608.40
616.52
565.29
589.51
584.34
617.92
612.37
606.80
591.13
580.38
596.30
604.84
576.26
608.64
593.47
612.24
610.38
598.92
593.24
576.48
591.13
610.62
577.03
606.67
596.07
608.64
617.16
597.61
582.98
564.12
592.53
626.30
577.48
600.36
602.05
601.81
620.86
595.59
581.06
567.54
593.47
623.31
579.04
593.71
606.92
602.29
608.40
574.71
586.97
585.25
599.88
623.70
581.28
591.37
614.12
603.74
606.06
572.85
585.94
590.78
601.08
620.48
587.31
589.04
617.54
600.96
586.85
570.23
602.05
615.13
594.18
604.11
589.97
589.51
614.38
601.81
590.55
587.20
600.00
606.43
591.72
600.96
593.82
589.04
594.65
600.84
595.59
605.94
605.20
601.08
580.27
590.67
600.72
595.12
590.20
609.38
595.47
610.13
602.41
601.93
598.44
599.28
594.77
590.43
582.07
621.12
609.14
619.45
584.68
592.77
613.87
600.48
575.37
572.74
611.12
594.65
589.74
584.68
600.60
617.54
590.67
598.21
621.25
591.13
583.09
562.75
591.48
613.12
601.68
601.56
585.82
594.88
636.27
599.88
575.93
570.99
589.28
614.12
607.53
614.12
579.60
585.02
630.25
599.04
572.41
578.15
593.59
615.76
595.95
600.48
598.92
596.54
620.22
590.32
565.29
583.77
597.13
610.75
592.18
598.92
601.93
597.97
615.51
596.30
573.18
595.12
599.88
606.06
594.41
601.56
604.72
589.16
597.25
595.36
582.86
603.14
606.92
599.40
581.06
591.60
613.12
595.12
595.59
605.08
585.02
598.21
599.40
601.44
604.84
598.68
586.05
579.49
611.25
585.82
580.27
589.16
596.90
621.76
590.90
604.96
599.88
594.65
610.50
583.09
573.28
589.85
595.00
613.75
591.72
605.08
605.69
591.48
593.82
575.71
579.04
600.84
607.04
614.12
582.75
590.32
614.25
598.44
592.30
580.83
583.43
593.12
611.12
604.96
588.93
590.67
609.76
600.36
585.94
585.94
594.41
594.41
609.51
596.90
594.18
586.62
599.52
596.90
598.32
596.78
591.13
582.75
616.02
595.12
593.94
584.57
596.78
606.06
600.84
591.72
593.71
579.04
620.09
590.67
573.28
570.99
601.81
592.42
600.12
626.57
588.47
606.92
599.40
607.90
603.02
600.72
600.00
614.75
592.89
576.81
589.51
597.97
623.70
593.47
588.58
569.15
597.25
598.44
597.37
628.27
592.07
592.18
599.40
591.25
608.27
591.25
588.00
579.93
597.85
628.67
599.16
591.37
605.33
595.59
591.72
575.93
590.67
600.00
596.18
615.76
602.05
586.85
605.57
594.06
585.48
584.00
601.68
616.27
597.01
611.75
607.16
585.59
589.74
583.66
597.85
614.25
604.11
602.77
583.20
595.83
618.94
591.83
571.65
582.07
589.16
620.99
609.63
607.29
583.09
596.78
619.58
588.70
568.29
593.24
590.09
623.44
606.55
600.36
590.67
596.42
607.90
583.88
594.65
577.48
600.24
592.18
603.99
606.92
579.15
588.35
590.78
595.12
607.66
595.36
592.89
584.00
599.04
608.40
589.51
602.17
604.72
597.01
588.47
587.31
599.88
618.43
607.53
608.15
581.06
586.51
601.32
598.92
594.41
609.76
597.85
610.13
599.16
603.38
595.59
600.96
598.32
588.93
581.40
616.78
605.33
620.60
587.66
584.68
611.00
609.01
580.16
583.20
584.11
628.80
610.50
616.40
585.82
586.85
618.17
602.41
561.17
579.93
584.57
634.52
612.12
614.50
584.23
588.12
618.56
601.93
556.69
585.71
590.20
627.88
600.96
598.21
599.88
599.28
608.89
597.85
563.59
600.36
596.78
626.96
601.93
597.25
609.51
594.41
589.39
599.40
581.62
617.41
595.00
614.63
605.08
594.53
592.42
580.27
595.71
612.00
573.39
606.31
595.00
605.08
611.12
592.07
594.29
581.62
592.77
618.43
571.76
600.84
602.41
600.00
622.28
586.97
575.59
581.62
594.18
621.12
577.37
595.47
609.26
596.66
606.18
578.59
588.70
579.71
598.80
612.24
609.63
614.88
577.70
572.85
611.50
599.28
594.53
580.50
591.25
606.92
602.41
609.76
590.90
580.38
615.64
590.90
594.41
575.26
589.85
614.88
613.50
616.27
583.20
569.04
620.60
594.88
581.40
569.48
592.18
620.99
607.16
594.06
589.04
568.29
622.15
586.74
575.71
579.15
591.25
618.68
608.03
581.62
592.89
573.72
601.32
593.94
610.75
598.92
592.42
581.40
593.24
594.06
587.89
581.17
624.35
608.40
583.09
568.29
597.37
613.87
600.48
594.41
592.65
579.82
619.71
594.06
577.26
568.61
596.90
617.03
598.80
585.71
600.36
578.93
619.71
589.28
573.28
0;0.25;3;0;0.1
577.37
598.68
492.85
290.67
190.28
116.43
83.88
65.55
53.80
45.62
39.60
34.98
31.33
28.36
25.91
23.85
22.10
20.58
19.26
18.10
17.07
16.15
15.32
14.58
13.90
13.29
12.72
12.21
11.73
11.29
10.88
10.50
10.14
9.81
9.50
9.21
8.93
8.68
8.43
8.20
7.98
7.78
7.58
7.39
7.22
7.05
6.88
6.73
6.58
6.44
6.31
6.18
6.05
5.93
5.82
5.71
5.60
5.50
5.40
5.30
5.21
5.12
5.04
4.95
4.87
4.79
4.72
4.65
4.57
4.51
4.44
4.37
4.31
4.25
4.19
4.13
4.08
4.02
3.97
3.92
3.87
3.82
3.77
3.72
3.68
3.63
3.59
3.55
3.51
3.47
3.43
3.39
3.35
3.31
3.28
3.24
3.21
3.17
3.14
3.11
3.07
3.04
3.01
2.98
2.95
2.92
2.90
2.87
2.84
2.81
2.79
2.76
2.74
2.71
2.69
2.66
2.64
2.62
2.60
2.57
2.55
2.53
2.51
2.49
2.47
2.45
2.43
2.41
2.39
2.37
2.35
2.33
2.32
2.30
2.28
2.26
2.25
2.23
2.21
2.20
2.18
2.16
2.15
2.13
2.12
2.10
2.09
2.08
2.06
2.05
2.03
2.02
2.01
1.99
1.98
1.97
1.95
1.94
1.93
1.92
1.90
1.89
1.88
1.87
1.86
1.85
1.83
1.82
1.81
1.80
1.79
1.78
1.77
1.76
1.75
1.74
1.73
1.72
1.71
1.70
1.69
1.68
1.67
1.66
1.65
1.64
1.63
1.63
1.62
1.61
1.60
1.59
1.58
1.57
1.57
1.56
1.55
1.54
1.53
1.53
1.52
1.51
1.50
0.00
0.00
0.00
0.00
0.00
0.00
0.00
0.00
0.00
0.00
0.00
0.00
0.00
0.00
0.00
0.00
0.00
0.00
0.00
0.00
0.00
0.00
0.00
0.00
0.00
0.00
0.00
0.00
0.00
0.00
0.00
0.00
0.00
0.00
0.00
0.00
0.00
0.00
0.00
0.00
0.00
0.00
0.00
0.00
0.00
0.00
0.00
0.00
0.00
0.00
0.00
0.00
0.00
0.00
0.00
0.00
0.00
0.00
0.00
0.00
0.00
0.00
0.00
0.00
0.00
0.00
0.00
0.00
0.00
0.00
0.00
0.00
0.00
0.00
0.00
0.00
0.00
0.00
0.00
0.00
0.00
0.00
0.00
0.00
0.00
0.00
0.00
0.00
0.00
0.00
0.00
0.00
0.00
0.00
0.00
0.00
0.00
0.00
0.00
0.00
0.00
0.00
0.00
0.00
0.00
0.00
0.00
0.00
0.00
0.00
0.00
0.00
0.00
0.00
0.00
0.00
0.00
0.00
0.00
0.00
0.00
0.00
0.00
0.00
0.00
0.00
0.00
0.00
0.00
0.00
0.00
0.00
0.00
0.00
0.00
0.00
0.00
0.00
0.00
0.00
0.00
0.00
0.00
0.00
0.00
0.00
0.00
0.00
0.00
0.00
0.00
0.00
0.00
0.00
0.00
0.00
0.00
0.00
0.00
0.00
0.00
0.00
0.00
0.00
0.00
0.00
0.00
0.00
0.00
0.00
0.00
0.00
0.00
0.00
0.00
0.00
0.00
1;0.25;3;0;0.1
0.00
0.00
0.00
0.00
0.00
0.00
0.00
0.00
0.00
0.00
0.00
0.00
0.00
0.77
0.77
0.77
0.77
0.77
56.80
56.80
56.80
116.58
116.58
108.57
108.57
108.57
94.88
91.49
91.49
109.48
109.48
109.48
110.49
110.49
110.49
89.82
89.82
226.96
192.79
192.79
135.78
118.07
118.07
121.87
121.87
149.34
149.34
173.99
173.99
198.98
220.99
252.76
280.09
309.82
329.82
314.30
304.29
289.86
289.07
304.63
289.58
300.15
301.72
287.55
289.91
307.47
304.63
302.39
303.58
302.33
292.17
300.30
305.47
297.91
295.71
301.51
295.83
298.78
303.52
303.71
282.99
298.15
296.82
287.30
292.34
306.06
301.60
304.04
306.87
298.78
294.70
302.45
307.57
296.30
298.03
300.87
295.77
297.59
305.81
298.00
287.14
298.66
293.71
290.98
294.72
303.09
302.79
302.36
307.88
292.26
295.68
312.08
315.39
293.11
283.61
295.04
294.38
298.83
305.69
297.29
287.55
301.72
290.05
293.00
297.65
303.64
305.90
305.47
307.63
281.93
286.64
312.30
308.04
287.30
289.97
305.47
303.58
303.89
304.97
299.22
289.05
301.30
287.14
287.14
293.77
301.05
297.18
306.12
308.04
292.00
301.36
317.16
311.24
286.45
291.49
299.70
304.82
303.74
302.48
297.71
290.78
299.10
299.10
289.74
295.01
302.94
295.28
309.02
302.05
302.05
280.09
287.99
301.60
299.58
308.45
314.37
299.04
293.23
292.28
284.17
296.53
293.71
304.14
302.72
308.55
307.76
289.63
292.37
295.01
287.16
300.09
311.92
319.80
309.85
286.53
285.96
277.83
290.87
310.53
304.60
317.02
303.06
290.95
292.51
297.06
294.81
293.00
304.35
308.10
294.58
294.38
303.00
301.36
298.63
299.85
302.30
294.32
298.89
300.90
296.82
302.97
293.74
285.33
291.23
299.01
291.32
296.77
310.85
319.25
295.28
285.85
295.07
297.41
296.94
300.48
301.45
293.86
300.12
300.45
296.74
306.62
289.77
287.83
298.18
313.41
291.49
293.11
309.44
313.12
292.31
286.45
302.72
306.28
303.77
303.40
300.72
294.90
300.78
296.30
297.83
308.01
288.60
290.81
300.60
311.11
291.32
293.05
312.43
307.38
293.43
286.34
296.91
293.40
300.90
301.30
298.00
293.54
303.80
294.90
299.46
308.58
282.94
292.08
302.54
308.29
291.12
295.97
311.92
307.28
291.72
290.64
301.42
306.91
307.25
301.75
289.16
280.43
304.79
304.57
300.24
311.98
279.96
294.72
305.10
302.60
291.94
296.74
312.24
305.10
291.94
289.88
290.98
296.27
313.87
310.75
294.64
279.43
295.51
293.14
299.58
306.87
278.60
295.45
308.17
296.97
290.59
298.95
306.09
304.38
303.58
303.86
295.25
297.97
306.09
298.80
295.62
297.94
298.12
297.09
302.85
306.22
280.69
280.69
308.67
296.27
296.27
291.80
299.31
292.20
296.03
301.36
303.52
312.50
308.36
300.03
300.03
283.37
287.22
289.21
300.42
312.57
313.32
286.07
294.93
284.14
279.80
297.38
308.48
304.38
308.71
307.88
295.65
281.32
291.63
302.48
298.60
307.88
308.45
298.66
292.26
292.63
290.75
293.23
310.08
307.09
293.37
283.23
290.16
299.34
310.43
321.68
301.42
281.74
294.38
301.54
299.37
309.47
307.66
298.06
293.11
289.77
292.03
293.97
312.66
303.06
293.26
283.69
289.72
299.88
312.70
321.72
297.59
281.61
299.04
299.94
295.30
297.77
306.18
306.15
307.09
305.50
292.08
275.86
299.40
294.90
297.91
299.37
286.94
295.39
309.98
318.78
297.65
300.54
307.00
305.37
289.66
285.23
293.46
305.69
314.53
316.62
297.38
279.85
291.01
285.09
300.96
309.69
290.36
298.75
314.17
314.10
290.36
287.05
306.69
309.95
300.90
302.02
295.92
295.51
303.77
296.74
301.17
292.40
292.43
288.05
302.54
308.32
290.36
299.22
316.02
308.55
288.66
288.93
306.56
309.98
292.85
286.10
287.19
296.12
312.50
304.82
296.47
282.11
282.91
290.19
304.11
304.51
288.85
300.66
316.32
304.75
285.31
293.14
305.16
310.56
300.96
303.86
294.87
297.38
301.51
298.18
302.39
294.96
286.62
294.64
308.64
296.21
279.90
291.80
309.28
303.40
298.86
305.78
303.34
298.78
298.30
301.57
292.85
300.06
308.74
303.31
297.21
277.39
277.39
282.73
292.48
311.01
297.18
313.12
305.06
297.09
299.37
304.79
299.91
299.40
299.22
298.57
298.57
291.46
301.30
296.30
298.66
307.57
287.22
288.63
296.71
308.83
294.03
292.68
307.91
306.09
306.72
301.90
302.94
287.41
287.52
297.29
300.87
303.06
313.71
297.86
295.51
295.68
270.20
284.41
301.24
317.56
302.76
297.53
304.82
296.41
296.44
301.54
301.96
297.71
301.72
301.24
299.22
291.63
300.96
295.62
296.38
309.82
278.45
293.54
301.17
303.21
293.74
295.51
307.98
305.50
304.32
304.63
297.97
295.97
303.12
300.60
298.69
294.09
300.60
294.90
299.91
307.09
279.43
293.97
304.72
298.18
294.23
297.89
305.50
305.44
306.22
305.06
292.28
283.82
301.24
308.07
303.61
294.87
298.63
295.83
301.45
305.94
280.40
294.55
304.63
297.47
293.71
300.15
300.15
309.21
307.03
305.41
289.27
285.61
302.60
310.11
301.30
298.09
295.60
296.88
302.39
301.42
281.74
296.88
303.09
299.70
295.86
299.04
291.77
297.97
312.76
311.59
294.26
287.74
297.94
298.03
293.05
299.97
303.58
309.06
310.21
300.54
278.01
286.23
291.97
297.32
533.05
281.66
242.42
134.08
110.50
110.50
140.63
140.63
140.73
140.73
148.32
148.32
169.98
169.98
201.37
228.75
247.50
273.57
311.56
328.01
303.71
296.56
291.01
285.80
307.94
300.15
288.18
283.90
292.74
300.12
312.11
320.03
289.35
283.82
309.06
310.66
297.94
277.85
290.67
293.08
307.91
314.40
304.72
289.72
301.78
288.07
293.05
299.40
295.33
306.84
316.62
319.45
287.66
285.09
308.01
311.56
293.05
281.72
298.21
304.88
302.82
302.51
297.68
291.09
297.12
288.35
294.26
300.93
292.83
308.61
318.84
315.86
285.90
288.88
309.41
311.79
290.59
284.39
297.53
304.32
306.34
297.21
289.97
282.59
297.74
296.53
298.00
297.71
297.71
285.09
295.92
305.87
297.80
310.37
310.17
303.34
286.64
286.64
286.78
306.59
318.84
304.20
294.67
285.58
285.58
294.26
308.99
306.03
289.77
302.45
317.76
304.26
284.58
294.52
307.98
312.50
300.21
301.27
295.42
294.72
300.66
295.62
301.02
293.74
293.74
285.61
294.29
308.80
298.00
299.31
308.48
308.48
292.54
284.44
294.58
307.19
312.86
312.04
289.13
289.13
286.40
307.13
318.78
299.28
281.61
281.61
284.68
543.77
311.27
302.30
305.34
277.19
270.61
276.85
295.30
305.10
309.57
300.51
294.96
281.16
288.71
293.20
302.15
318.67
295.77
292.23
293.69
297.65
283.82
288.60
310.21
305.81
293.92
286.70
296.41
293.97
301.27
300.42
300.63
291.09
303.06
294.32
298.95
307.47
283.21
291.77
302.48
308.93
289.74
294.96
312.86
306.31
292.83
290.22
302.57
307.63
308.90
302.18
292.31
276.37
293.60
293.17
304.63
320.55
285.88
296.12
306.03
303.58
291.63
296.41
310.62
307.09
291.49
292.45
299.25
305.87
309.53
303.06
293.43
276.29
294.03
293.89
307.57
316.12
274.42
284.01
303.64
295.57
290.16
298.83
307.13
305.19
304.35
305.19
298.42
298.45
306.65
299.91
290.00
279.25
302.60
303.49
303.12
305.90
280.56
297.47
307.66
296.59
296.59
292.54
299.67
291.60
294.96
300.96
303.37
312.17
309.15
301.63
301.63
286.48
282.19
289.21
299.07
311.01
313.35
285.58
293.74
283.69
280.58
296.94
309.06
304.82
308.10
307.28
299.43
293.80
302.05
305.13
299.49
295.13
295.92
295.22
295.13
305.22
297.86
287.08
298.45
292.20
288.99
652.03
460.48
303.49
210.93
210.93
173.50
219.89
219.89
257.03
335.16
339.44
292.45
269.69
269.69
285.85
324.82
315.86
272.41
272.41
281.98
287.80
299.94
306.91
301.93
296.27
302.08
307.53
293.48
297.38
309.79
311.59
311.59
285.44
280.01
279.54
291.04
308.07
308.67
300.63
611.75
344.47
160.35
117.55
117.55
165.02
165.02
143.33
143.33
180.39
215.07
237.40
237.40
256.54
337.99
343.13
291.06
291.06
270.78
286.78
296.65
314.37
311.53
299.91
288.41
288.41
279.69
299.49
309.28
297.94
308.48
301.24
301.24
292.40
298.98
303.98
303.98
296.09
299.97
297.12
292.97
303.92
310.85
310.85
297.32
284.77
277.91
291.74
298.36
292.77
303.03
309.09
296.65
294.49
299.58
305.81
301.42
297.09
301.63
296.21
292.74
303.58
298.54
313.09
301.93
291.32
292.17
296.15
296.33
294.23
303.98
307.60
294.67
293.92
303.09
302.66
302.57
296.44
301.54
296.09
294.29
300.66
297.03
301.48
294.44
284.50
291.21
298.98
290.11
297.56
310.98
319.39
295.68
284.98
295.65
298.39
302.45
310.37
309.69
298.15
288.54
286.72
292.28
313.19
301.17
300.27
298.24
303.95
284.20
289.66
307.85
312.73
302.51
738.92
521.10
301.51
185.93
130.44
130.44
219.51
259.25
267.88
297.91
314.50
317.12
323.28
294.00
280.19
284.23
295.28
288.85
300.12
317.56
309.69
299.10
287.38
295.10
294.09
305.81
313.02
311.69
294.26
292.85
281.11
294.87
315.76
295.62
305.47
301.36
298.54
282.75
291.94
308.20
305.75
303.64
302.72
301.96
297.18
303.21
302.08
301.27
291.89
300.66
296.91
297.89
308.71
279.77
293.37
302.63
301.63
291.91
295.13
308.23
306.06
295.39
289.94
287.03
292.74
310.56
313.38
303.37
276.60
291.57
292.20
306.31
318.27
285.96
296.88
307.53
299.28
283.96
284.58
299.13
302.69
303.92
303.92
296.06
296.38
306.37
299.25
299.40
292.14
297.41
295.89
300.54
305.03
278.73
296.24
306.97
296.30
293.92
300.57
302.42
308.90
305.22
303.61
292.68
301.63
315.16
314.43
295.39
280.11
287.03
295.89
309.66
313.32
276.17
287.94
299.82
297.27
293.69
298.95
300.75
308.32
308.13
298.30
283.29
290.87
311.43
309.21
290.28
283.18
299.40
304.20
306.97
298.57
285.33
300.45
300.93
299.16
295.39
296.56
302.08
307.25
310.62
293.83
293.83
282.59
310.43
307.28
307.28
288.52
281.85
290.87
298.83
315.32
306.37
291.29
300.99
288.99
291.32
293.51
293.69
300.84
313.12
321.03
301.57
284.74
294.67
298.66
299.34
307.41
309.28
298.69
294.61
290.42
285.77
284.17
303.06
296.97
300.06
299.55
286.15
294.78
307.44
316.09
298.45
299.82
306.06
303.52
296.65
299.01
295.95
293.97
300.39
300.66
296.74
290.05
296.33
287.96
293.77
298.12
289.77
307.53
318.64
316.96
294.67
287.47
295.74
296.35
294.75
299.94
300.54
306.91
308.90
299.13
292.85
279.04
289.05
294.58
306.94
310.49
292.34
298.03
314.23
307.94
293.69
287.16
303.43
307.50
304.14
302.63
295.60
292.03
302.88
292.00
300.51
292.40
286.42
289.72
302.36
304.14
288.60
299.85
314.23
305.72
289.63
290.25
302.02
309.15
304.20
303.71
297.44
295.45
300.72
295.39
301.39
292.77
284.06
290.44
306.47
295.77
290.78
301.02
312.76
304.54
288.99
291.86
302.60
308.29
306.34
303.67
296.94
294.00
300.36
294.72
303.74
286.83
284.06
290.98
308.32
292.28
293.03
303.03
308.55
305.53
302.08
306.59
299.04
300.78
301.08
301.17
294.67
298.80
297.77
296.47
306.47
284.63
276.78
283.18
303.06
291.66
291.66
308.45
304.63
308.01
301.63
306.00
297.62
302.15
301.51
301.17
291.12
303.21
303.43
308.07
311.69
281.35
281.35
279.38
285.88
299.70
294.38
304.85
309.92
307.91
290.87
290.87
302.76
312.63
305.47
301.11
293.31
301.69
306.18
307.76
311.95
276.98
276.98
281.35
286.94
292.94
294.29
305.34
314.83
306.94
306.94
293.14
286.01
291.01
307.35
311.82
311.82
297.32
295.68
284.63
289.55
299.94
277.98
302.08
309.57
300.57
296.27
298.18
300.60
304.14
307.69
305.22
295.65
297.47
306.56
300.30
299.10
294.06
297.86
296.38
300.18
304.94
278.60
293.97
302.54
295.57
296.41
300.60
292.77
296.53
306.15
312.76
300.24
301.51
305.53
300.06
295.77
296.94
295.45
295.62
301.69
300.90
280.53
296.41
300.54
297.15
297.89
298.36
291.23
296.85
310.75
308.55
295.10
288.52
297.03
295.01
294.75
297.68
301.54
307.22
312.99
296.79
279.56
285.14
702.25
491.64
210.97
201.53
237.70
179.50
156.14
156.14
160.97
194.14
225.06
225.06
238.47
266.05
311.53
343.52
334.34
293.71
273.15
268.55
280.45
308.83
304.88
299.73
306.87
290.14
291.35
293.37
295.83
303.21
314.76
321.30
297.86
281.98
299.22
299.01
296.71
297.09
297.94
294.90
298.27
301.75
296.00
287.25
299.28
285.42
291.38
298.06
291.66
305.50
316.06
319.05
289.88
285.23
307.09
311.36
303.74
300.24
296.77
295.01
299.22
300.72
297.00
289.63
295.89
286.56
293.46
297.38
290.53
306.12
318.47
314.99
287.11
288.18
307.22
310.33
302.27
302.15
296.41
292.63
304.07
296.79
299.82
291.23
291.77
288.16
303.37
307.85
290.92
298.09
316.42
307.47
288.24
289.21
307.98
308.32
293.14
284.66
288.88
294.93
312.70
304.85
294.38
282.38
281.80
289.49
304.04
303.49
288.74
300.75
317.53
303.83
499.58
281.61
227.89
171.54
140.15
219.72
219.72
235.68
260.91
292.51
312.63
329.06
317.23
576.04
335.12
269.42
262.49
257.25
267.48
286.59
307.19
316.59
289.32
285.28
297.97
298.12
297.35
300.39
301.17
295.33
296.09
299.82
294.29
303.61
287.80
284.74
299.10
311.07
286.53
291.04
310.40
309.63
287.27
289.49
309.12
305.84
293.57
288.68
294.29
292.00
298.63
296.50
296.50
305.75
305.75
287.08
287.11
291.32
300.96
292.74
297.32
305.78
297.50
305.65
307.22
306.28
296.12
301.81
301.57
301.36
293.11
301.33
297.44
308.58
317.02
286.37
282.81
267.86
277.29
282.73
302.05
314.60
303.03
299.67
301.17
299.85
295.92
302.79
301.87
297.97
292.68
300.69
301.33
308.39
318.17
281.88
279.88
268.74
278.22
287.58
302.45
313.58
300.75
299.55
303.34
296.09
295.71
305.00
308.04
312.01
294.06
284.50
287.96
297.27
314.07
288.91
288.32
287.41
287.41
294.61
307.72
311.75
299.22
301.24
302.69
294.12
298.86
306.22
300.12
298.75
294.93
298.12
295.92
299.46
304.48
278.06
294.00
297.35
293.11
299.22
312.24
304.01
289.97
292.91
304.69
300.75
302.57
307.09
300.06
296.41
297.94
295.89
296.62
524.75
301.78
277.85
285.12
285.12
283.29
279.98
292.23
305.84
299.43
299.43
304.60
295.36
288.60
285.71
297.62
303.92
305.00
301.36
293.28
282.25
295.07
290.81
281.66
296.21
295.04
298.39
304.94
307.47
300.60
300.81
306.62
293.43
294.84
303.34
309.95
308.74
301.84
286.15
286.18
294.99
310.91
307.19
286.34
288.49
285.80
298.00
305.78
304.72
299.28
302.97
306.84
293.17
287.83
291.63
301.20
306.09
305.22
300.30
295.89
296.94
302.48
297.09
287.52
299.49
293.11
303.95
310.91
300.09
291.72
291.49
306.22
300.42
302.36
307.06
303.40
296.27
301.54
296.79
295.45
299.31
300.39
296.65
288.96
296.71
293.94
304.85
312.86
296.27
291.43
292.85
301.51
301.72
301.96
306.50
300.00
295.68
301.93
297.29
293.94
305.25
297.27
299.22
291.57
292.88
295.77
304.51
299.82
285.04
295.16
305.47
294.99
292.40
299.43
304.75
296.15
298.00
302.42
295.68
295.86
303.15
294.64
300.81
292.48
287.85
298.66
304.04
296.71
284.55
297.29
307.79
304.75
304.14
305.81
304.35
298.30
299.37
302.54
295.13
296.94
300.69
296.00
301.33
293.63
293.63
284.41
290.67
300.54
294.96
295.28
300.81
308.10
304.07
306.56
301.66
297.27
301.87
301.24
301.24
295.13
296.03
299.97
295.10
304.20
287.49
283.66
289.66
303.55
292.03
296.00
302.88
303.71
305.69
306.31
305.84
297.71
301.39
302.21
300.81
294.00
299.07
297.50
296.94
306.06
287.83
288.05
290.50
301.96
293.48
296.77
305.13
299.31
307.53
305.62
305.03
296.27
303.37
301.75
300.87
292.74
301.45
298.48
308.74
316.79
285.47
279.96
266.93
279.90
283.77
302.91
314.50
302.85
299.64
301.39
298.63
296.77
302.97
301.42
297.74
293.40
300.06
301.90
308.61
316.86
281.24
285.80
283.39
288.60
291.66
304.94
314.93
301.42
299.91
303.61
296.33
297.38
305.10
300.69
299.28
293.86
301.11
300.72
311.11
311.98
279.15
284.79
285.44
283.85
292.77
306.37
311.07
299.79
302.21
302.63
293.86
298.42
306.84
300.42
299.07
295.54
298.69
295.16
299.97
303.24
278.04
293.94
296.85
292.68
298.45
311.66
304.14
288.96
291.91
303.21
300.54
302.72
307.47
300.90
297.59
299.43
296.62
296.03
302.36
301.90
280.85
296.41
296.33
295.19
302.76
310.69
301.20
290.28
295.48
299.43
516.71
302.60
304.57
287.69
287.69
283.98
296.00
297.32
315.96
301.81
496.44
304.51
285.69
269.32
258.91
277.03
295.68
302.15
311.11
305.81
283.07
280.98
287.69
303.18
305.13
296.30
285.09
287.49
295.10
303.52
296.50
276.88
289.44
289.02
300.81
306.28
303.71
287.55
291.72
309.95
300.09
287.08
295.97
306.53
305.00
292.37
285.61
288.77
299.73
311.40
305.72
279.90
290.92
290.92
289.52
310.33
295.57
295.57
286.70
296.06
309.89
310.11
316.79
293.26
286.89
309.44
303.74
288.38
288.38
290.53
309.76
302.27
309.37
291.86
297.41
308.61
292.63
292.63
286.70
296.77
304.69
311.85
315.76
292.34
286.67
310.49
304.35
286.92
286.92
292.80
311.53
304.82
304.60
292.17
298.72
306.65
292.23
292.23
286.97
299.10
301.11
302.66
306.06
297.06
298.80
301.45
301.45
296.12
293.71
303.21
294.23
300.51
293.00
286.92
288.68
298.86
302.57
292.45
300.21
310.95
305.13
298.95
291.74
291.01
296.00
302.54
314.04
306.53
298.57
300.90
296.56
301.57
294.06
285.06
291.15
302.72
294.35
293.14
299.85
308.26
303.92
303.95
305.78
301.11
298.92
301.84
301.78
295.60
296.33
300.03
294.93
304.14
287.55
285.23
289.30
305.00
292.45
294.61
302.02
304.26
305.25
304.48
305.25
298.30
301.54
302.72
301.54
294.75
298.95
298.12
296.33
305.81
286.51
280.24
278.34
296.47
288.18
300.78
316.72
301.60
299.16
299.19
302.54
296.65
302.76
301.72
300.87
293.05
301.48
302.30
309.34
314.63
284.93
283.34
280.77
295.48
290.28
305.03
315.69
302.33
297.94
300.93
297.91
297.56
302.69
301.75
297.65
293.86
300.18
303.18
308.99
315.32
281.40
284.41
283.55
289.77
292.80
304.75
314.07
300.48
299.01
302.76
294.75
297.09
304.60
300.87
299.22
294.46
301.60
302.24
311.46
311.11
279.15
283.85
285.85
285.77
292.83
306.44
309.73
298.18
301.27
301.75
293.34
298.36
305.72
299.01
297.53
295.07
300.30
305.87
310.88
308.86
279.64
283.66
286.01
286.01
287.44
310.82
300.99
300.99
287.63
291.40
294.64
294.09
310.21
314.17
308.29
289.32
289.32
286.37
314.20
316.39
291.26
289.41
289.41
285.39
289.58
299.73
309.18
301.96
301.48
305.06
295.83
294.61
300.87
306.15
308.01
302.45
298.24
295.28
305.41
297.24
297.24
546.25
310.56
157.39
157.39
157.39
144.84
208.35
208.35
571.76
429.43
174.71
110.41
110.39
195.12
195.12
169.57
201.13
201.13
239.90
268.07
293.54
341.34
324.18
306.62
286.51
286.51
275.25
285.96
308.90
300.03
301.30
297.80
291.40
292.91
302.76
316.59
302.69
306.65
304.32
296.47
298.48
300.39
300.39
295.83
299.76
301.78
296.24
287.14
298.89
284.74
290.22
295.39
288.77
303.43
314.47
318.91
297.74
287.88
295.30
298.27
294.32
301.57
300.96
306.53
309.66
304.94
294.09
278.42
285.96
281.37
297.03
307.66
297.62
309.57
313.25
303.55
288.41
285.50
300.45
306.22
305.31
303.77
297.62
293.86
302.63
296.85
298.27
291.15
291.12
286.48
300.78
307.47
291.43
297.29
313.64
308.52
683.99
497.51
189.23
116.04
110.88
332.67
300.33
151.58
149.36
182.23
182.23
192.69
213.10
239.54
239.54
256.74
284.79
298.15
301.51
303.28
305.72
294.52
283.55
296.88
308.80
305.50
303.18
304.57
303.71
298.86
299.25
302.66
295.65
295.71
300.30
296.62
301.96
293.05
286.10
289.91
302.57
292.97
291.43
299.58
308.26
304.57
303.58
306.28
302.30
299.07
302.27
301.72
295.68
296.33
300.33
295.80
303.58
287.94
285.82
289.44
304.48
292.65
296.21
303.28
305.75
305.81
304.26
304.85
296.59
301.24
301.87
300.48
295.01
739.28
438.66
295.71
217.99
217.99
176.73
245.40
266.50
280.30
292.03
309.53
321.30
308.29
280.03
275.99
298.00
305.31
315.16
313.19
295.30
280.01
294.06
293.71
306.44
318.88
286.23
293.43
303.67
306.31
285.90
295.39
312.24
302.88
288.35
292.23
302.02
307.38
305.28
303.49
299.73
294.06
299.37
294.70
297.68
308.45
277.47
277.47
293.63
301.48
301.48
302.85
304.35
304.35
295.04
304.44
305.41
308.45
307.22
299.22
290.84
290.84
282.22
305.41
312.60
316.19
272.21
272.21
285.52
303.03
296.47
297.06
311.66
300.99
300.99
291.52
290.67
289.16
299.94
316.66
520.11
296.97
212.13
187.97
127.19
127.19
184.92
204.28
518.13
396.46
165.68
133.36
133.36
138.93
138.93
149.97
149.97
166.81
189.55
189.55
208.30
225.16
255.91
287.91
318.30
321.75
300.57
293.14
294.49
295.97
296.56
295.92
294.78
304.20
311.36
288.66
287.88
287.88
285.04
289.05
300.45
308.99
301.54
301.42
305.06
296.21
295.36
309.79
308.01
307.60
289.24
289.24
286.48
316.22
311.24
293.80
499.33
298.39
201.75
201.75
123.45
123.45
153.06
153.06
164.53
164.53
183.53
201.93
201.93
229.08
242.54
267.21
316.59
344.95
331.75
291.74
273.12
268.05
282.81
310.11
306.84
300.36
305.81
289.30
290.53
293.40
296.62
303.21
313.25
320.03
293.20
283.85
306.06
311.69
304.54
300.03
299.10
296.41
296.85
301.78
297.18
286.97
298.72
283.90
290.56
295.89
291.23
305.65
315.79
318.88
288.57
286.12
307.79
310.59
295.30
285.33
288.77
293.97
307.19
313.12
303.18
291.77
296.27
284.93
293.34
298.33
291.15
306.28
318.40
314.86
288.60
288.71
308.26
308.71
294.20
287.80
290.56
291.46
310.75
307.50
293.48
281.69
293.51
296.41
306.62
309.25
289.46
298.09
317.16
307.38
287.66
290.67
308.83
308.13
292.54
289.21
298.48
303.03
308.20
294.93
290.47
283.45
290.28
299.40
307.38
304.11
287.47
300.99
315.86
302.02
285.50
293.74
307.38
309.02
303.28
305.84
298.66
295.65
300.24
296.59
302.15
293.31
285.31
285.31
307.82
294.29
294.29
287.80
313.77
300.24
300.24
286.81
292.57
296.27
581.51
308.99
180.81
180.81
129.77
103.76
303.37
229.94
229.94
142.52
142.52
155.56
155.56
191.18
204.71
204.71
226.84
259.16
291.21
289.91
300.87
314.63
307.44
297.91
298.89
304.60
297.80
301.81
302.33
300.84
295.25
296.82
296.85
296.15
306.25
286.45
287.16
291.18
304.35
292.85
294.23
306.00
302.63
309.34
302.72
304.79
297.97
303.03
301.33
299.70
293.63
299.46
294.03
296.06
307.06
279.64
279.90
280.82
296.27
288.54
304.11
313.87
299.46
298.72
301.27
298.72
298.09
302.51
302.39
299.13
294.09
300.57
305.00
309.44
313.02
278.94
282.41
284.52
290.56
292.28
303.95
313.38
299.79
299.55
301.66
294.03
296.97
304.20
299.97
300.75
292.88
301.48
304.41
309.25
309.79
277.39
282.11
288.60
288.60
287.33
294.46
312.08
309.44
542.79
292.06
292.06
283.31
293.28
304.75
296.44
294.64
282.78
284.36
290.30
302.69
314.37
283.50
284.12
292.28
291.57
292.63
300.39
293.60
297.53
300.90
299.85
293.34
301.90
306.69
300.51
293.03
283.93
287.27
292.65
307.85
313.48
279.51
286.07
294.32
293.48
301.96
310.08
298.06
300.36
304.91
295.68
296.12
520.38
307.38
298.12
282.51
267.31
282.54
292.20
312.76
307.66
278.45
289.38
294.12
295.92
295.39
293.71
292.17
292.17
306.00
306.00
290.56
284.14
295.45
310.82
305.22
301.42
295.89
286.26
284.71
300.72
298.30
296.47
307.79
290.95
286.86
281.21
284.33
298.03
310.78
319.39
296.74
286.20
297.00
300.45
295.57
300.12
304.82
307.53
305.81
304.44
298.75
288.43
299.34
286.18
291.94
295.16
290.61
304.41
315.29
319.45
295.16
287.44
297.24
298.83
294.75
302.42
302.54
308.80
305.75
304.17
291.94
277.55
292.45
293.69
304.29
311.17
291.29
297.44
312.17
311.49
292.20
287.66
303.98
308.36
304.11
303.31
298.66
294.72
301.84
297.38
298.83
290.78
290.67
286.15
301.24
307.25
290.42
297.24
314.83
308.17
291.38
287.74
303.31
307.09
304.29
303.12
297.50
293.74
303.18
710.23
519.93
286.37
209.75
123.44
114.93
170.29
170.29
230.18
241.14
254.63
294.41
316.19
308.77
308.74
296.59
290.11
292.83
298.39
309.98
308.61
293.17
286.15
296.30
310.66
296.94
287.36
291.18
298.83
289.46
295.22
311.62
316.46
289.24
287.00
306.25
309.85
303.61
303.74
303.67
297.83
296.97
300.51
296.12
305.16
288.13
286.89
298.18
309.57
284.23
289.69
309.31
308.55
287.99
288.68
306.00
307.63
304.32
304.85
301.99
295.95
298.09
297.80
297.27
306.65
285.69
288.46
300.21
307.88
286.67
293.43
312.76
304.17
288.66
290.61
305.47
305.65
305.47
303.71
300.69
294.61
301.20
296.38
297.06
308.29
279.75
279.75
302.39
302.91
302.91
285.42
291.35
302.15
299.61
305.56
310.46
300.96
296.82
290.08
290.44
292.60
296.56
311.01
309.73
317.63
317.63
271.08
273.70
266.67
270.03
284.04
308.45
326.94
311.33
302.69
296.53
282.94
289.21
303.18
305.62
310.62
303.34
302.72
296.97
297.21
304.20
275.81
291.77
296.50
289.32
294.84
306.81
311.98
301.51
301.84
301.33
293.54
298.03
306.91
299.58
297.00
297.03
298.89
296.65
299.22
304.14
278.32
293.34
296.85
290.81
298.12
310.21
305.41
292.54
290.70
299.73
300.87
304.75
307.98
299.25
296.71
300.27
297.21
297.50
301.78
302.54
281.21
296.47
292.83
284.28
290.50
304.17
302.24
302.60
306.15
296.09
297.89
310.91
318.03
293.05
284.66
305.16
305.50
299.64
305.22
298.57
283.82
297.65
289.24
287.96
292.94
301.24
301.36
301.48
306.12
294.09
296.79
312.96
315.79
291.80
288.13
304.66
306.94
299.82
304.63
297.29
285.47
299.91
287.00
288.77
294.18
298.75
301.17
302.39
305.50
293.51
298.06
315.92
311.46
288.41
291.49
304.72
307.31
301.60
304.41
299.58
289.27
299.64
285.85
285.85
291.60
297.80
294.67
305.69
304.97
304.97
291.74
297.21
300.42
300.42
303.37
303.37
298.24
298.21
298.63
303.03
298.33
290.67
295.45
287.49
302.88
310.46
297.09
301.93
294.23
288.63
289.77
300.54
315.42
308.10
300.78
300.09
285.25
284.58
299.25
299.04
308.74
299.22
293.48
286.18
293.57
299.64
293.05
303.18
308.42
297.65
294.23
299.79
303.80
299.52
299.16
303.31
297.32
295.97
303.28
296.09
300.30
293.54
286.07
294.23
304.69
305.72
296.77
303.67
307.22
295.54
293.60
301.78
301.42
300.54
299.37
304.14
296.82
296.68
301.69
298.60
300.45
293.63
284.66
296.27
308.96
291.52
287.11
305.94
315.79
302.33
298.78
303.86
299.01
298.27
301.66
301.93
297.50
298.57
300.87
296.00
304.72
287.11
284.25
295.74
311.17
288.43
291.29
308.17
312.47
293.08
286.40
302.88
306.56
305.87
304.97
301.14
296.24
300.87
299.85
296.77
306.18
286.53
286.94
298.27
308.04
287.77
291.38
311.46
305.28
291.43
286.86
301.63
306.37
305.84
303.46
298.33
294.81
302.02
295.97
295.22
307.50
280.93
290.11
300.57
305.22
286.04
294.26
310.24
304.66
288.74
290.28
299.19
307.22
304.69
303.40
296.94
297.00
300.93
297.80
295.25
309.18
277.57
293.23
302.97
299.79
287.74
296.00
309.89
302.15
289.16
291.26
298.63
304.94
306.56
300.69
298.78
296.91
301.45
297.09
297.29
305.78
278.11
295.13
306.15
295.01
295.01
287.33
297.47
307.50
312.92
310.75
286.75
286.75
312.73
304.94
287.91
287.91
291.09
307.31
314.50
315.82
273.92
273.92
286.75
302.18
294.70
299.19
306.34
307.85
304.01
299.85
293.86
302.91
315.09
307.85
288.88
291.74
301.36
305.81
304.69
303.77
280.64
298.42
303.37
296.06
292.60
292.60
298.18
305.69
307.06
292.28
292.28
284.01
292.83
310.69
313.32
311.17
291.89
291.89
312.24
306.28
306.28
276.73
284.63
272.90
278.94
297.06
303.18
305.56
306.91
307.79
294.26
295.22
307.69
314.27
307.22
303.00
296.85
285.99
287.03
300.60
299.19
296.65
308.01
290.59
285.96
280.01
285.14
297.41
311.40
318.95
294.58
284.44
304.41
309.31
304.57
302.76
301.24
296.38
299.07
302.85
297.03
287.77
297.41
283.69
290.11
294.03
289.72
304.48
314.53
318.30
291.18
286.56
304.35
310.59
301.69
304.72
298.63
297.03
300.21
301.75
297.89
289.74
294.70
284.20
292.06
296.21
289.74
305.41
317.56
314.20
289.77
287.14
305.28
308.39
302.72
304.69
298.48
295.95
303.80
299.10
299.43
291.38
291.40
286.18
512.65
293.69
224.01
134.34
134.34
178.77
178.77
198.70
208.94
229.62
262.90
262.90
311.07
313.61
297.47
285.80
285.80
294.90
305.41
310.95
296.53
296.53
288.18
289.13
297.50
300.57
296.24
320.41
310.37
302.57
293.20
290.75
304.97
308.86
306.37
294.26
285.93
285.93
291.32
312.96
307.50
296.47
295.07
301.30
295.22
294.15
300.57
304.14
304.14
294.06
296.33
301.42
299.70
298.54
302.48
300.99
295.07
299.37
301.48
295.74
305.00
287.41
283.50
287.80
302.85
290.22
295.01
301.84
303.21
305.56
305.19
304.38
299.52
301.75
304.01
300.39
294.46
301.17
298.89
296.91
306.81
286.75
280.45
277.96
291.35
285.69
299.28
315.36
302.54
298.51
298.51
299.19
297.38
301.96
302.76
298.95
296.27
301.69
296.00
297.15
307.85
280.74
281.03
280.53
292.60
287.60
303.92
313.74
301.78
298.24
300.87
296.79
297.97
302.82
301.51
296.85
297.00
300.51
295.77
296.79
308.67
276.96
282.25
283.31
287.49
289.77
303.49
311.30
298.45
298.78
300.81
295.54
296.30
307.03
309.63
309.12
289.74
290.47
297.86
308.93
309.85
278.47
282.01
287.55
287.55
284.90
291.06
305.34
308.48
310.78
303.89
294.32
298.09
305.50
298.75
296.85
298.95
297.86
295.04
301.17
303.52
303.52
278.37
293.17
298.69
292.31
294.23
298.48
294.32
305.59
313.87
312.96
300.90
290.67
294.35
293.51
298.80
311.56
305.03
300.30
303.24
301.69
280.90
295.62
296.71
293.71
296.97
297.56
290.33
296.09
308.23
306.47
305.53
303.15
306.53
297.12
294.96
288.10
286.01
292.85
308.74
309.02
286.23
285.23
282.81
292.68
302.15
304.82
300.03
299.13
305.31
293.46
294.96
302.24
308.07
309.06
307.25
302.94
289.86
283.18
300.90
303.95
291.94
300.93
293.63
301.81
306.84
302.85
299.94
301.66
305.31
292.91
295.22
304.91
300.33
297.21
300.42
299.73
295.22
299.40
303.21
297.86
287.58
298.30
290.89
302.79
308.45
298.24
292.60
289.66
303.00
301.36
301.39
305.44
301.66
296.30
302.94
296.94
296.50
299.28
302.15
297.62
289.77
295.89
292.40
304.38
310.69
297.77
291.63
292.60
299.88
302.33
301.81
304.85
299.40
297.94
303.67
297.06
295.16
303.61
297.21
299.88
291.57
290.89
293.43
304.63
297.83
284.06
294.23
305.56
303.46
305.25
301.57
302.72
299.22
298.42
302.97
295.86
296.53
303.86
293.77
301.36
291.94
287.58
296.88
306.09
293.63
283.93
295.57
304.66
293.34
295.36
309.53
308.99
291.43
290.81
307.16
303.12
301.87
302.97
297.24
301.69
292.80
285.90
298.63
308.67
286.83
287.80
306.72
314.37
298.51
296.74
302.02
299.85
298.75
302.05
300.96
294.70
299.94
301.72
294.58
305.10
287.94
287.94
287.05
310.88
310.88
294.52
294.06
291.49
287.08
290.39
297.89
311.07
306.65
303.77
303.86
300.15
294.78
301.57
297.00
297.62
306.62
287.00
281.95
277.91
289.52
282.70
298.72
314.37
302.39
298.39
297.89
298.39
296.65
302.02
301.81
298.39
295.86
301.60
295.42
297.77
313.81
294.26
289.94
282.46
291.60
288.27
303.43
314.63
303.09
298.63
300.36
297.68
298.18
303.06
301.45
296.77
296.53
301.05
296.21
296.15
309.15
278.14
283.90
282.89
287.58
288.32
304.51
312.43
299.88
298.36
301.54
295.54
296.62
305.16
299.64
299.07
297.53
301.69
294.61
300.42
316.02
290.00
286.53
286.70
285.47
291.66
306.31
308.96
297.89
300.78
299.88
293.83
297.18
305.90
298.72
296.56
299.52
298.66
296.09
301.51
304.54
279.51
293.89
298.57
293.46
298.78
310.49
301.99
289.72
293.66
304.17
301.75
301.60
305.97
297.56
297.59
300.69
295.65
297.71
302.45
302.21
302.21
280.95
295.68
296.06
294.06
301.48
309.02
301.27
301.66
304.63
296.53
295.83
300.96
304.63
297.18
299.10
301.11
296.77
296.82
304.63
298.33
285.25
297.32
293.37
297.12
303.58
305.97
623.18
333.74
157.99
121.01
121.01
121.01
121.65
121.65
128.23
128.23
156.44
156.44
166.57
190.01
190.01
223.73
244.96
265.82
305.72
343.41
334.75
295.10
291.97
260.24
269.03
283.31
297.44
312.60
319.59
321.37
295.95
284.79
296.94
299.10
295.16
300.93
299.19
295.04
300.87
302.60
299.13
288.05
299.58
283.53
291.01
294.06
290.64
305.13
538.70
316.89
201.61
127.09
127.09
227.03
263.97
275.89
296.68
323.31
317.80
315.19
304.29
292.71
284.41
274.98
290.84
291.86
304.75
310.27
290.33
297.32
311.49
312.01
291.83
285.17
301.45
306.97
303.80
305.19
296.68
295.36
303.61
296.00
299.79
291.46
291.26
286.15
301.02
305.81
289.10
295.95
314.76
309.28
290.73
288.35
302.27
308.23
303.71
305.16
296.35
298.06
304.35
294.49
300.99
292.71
285.14
287.52
302.79
300.33
285.93
297.35
313.61
305.03
286.62
288.52
299.97
308.04
302.57
305.13
294.32
301.17
311.30
308.71
297.09
281.35
479.08
267.05
267.05
156.08
156.08
221.93
250.73
277.01
308.90
324.39
313.48
307.41
292.45
284.82
291.69
296.65
300.39
311.46
309.09
298.36
299.64
275.56
276.91
285.71
304.17
291.04
291.77
302.30
306.87
306.34
302.27
303.37
298.60
301.02
302.85
299.61
294.90
301.93
296.79
296.79
306.59
286.23
287.14
290.75
304.23
290.61
292.11
303.95
302.02
307.41
302.08
301.72
297.56
302.60
302.57
298.21
295.62
302.97
295.04
298.86
307.94
281.64
278.97
282.49
295.33
290.53
302.24
313.05
508.91
265.09
263.71
150.44
141.29
240.10
264.50
282.78
305.31
318.61
306.47
306.31
297.00
298.48
309.57
279.46
284.28
282.43
288.05
289.32
303.43
312.30
300.72
299.04
301.60
295.68
296.94
305.19
300.15
298.63
297.18
300.63
293.89
299.97
316.19
289.88
287.22
287.30
285.14
292.60
305.59
309.25
298.69
300.57
300.57
294.18
299.22
306.91
299.25
297.15
300.18
298.51
296.50
301.30
305.03
279.51
294.12
296.74
291.86
297.77
310.21
300.60
288.21
293.08
302.63
301.78
301.96
306.00
298.60
297.59
302.21
295.71
298.60
302.72
303.28
303.28
281.74
295.97
296.24
295.04
301.81
308.04
301.99
304.54
304.54
295.71
295.28
305.65
305.65
297.15
301.78
301.78
297.41
306.22
299.61
299.61
285.28
297.27
292.77
297.44
303.77
305.31
303.24
301.93
307.57
295.51
291.40
290.00
295.25
303.52
308.36
303.24
292.06
287.05
292.71
292.28
288.77
310.05
300.12
304.63
301.93
290.70
292.85
299.19
309.73
304.94
297.89
294.18
291.83
293.03
305.10
311.14
303.71
303.55
303.55
298.33
287.66
299.40
288.07
301.87
308.36
298.60
295.25
291.01
292.94
286.92
301.51
314.10
310.05
298.36
298.03
284.06
288.27
298.30
306.09
309.09
297.62
297.94
285.25
292.80
301.78
753.01
500.25
305.59
190.50
138.54
138.54
166.22
194.92
194.92
211.58
232.05
259.20
282.35
304.04
315.42
310.01
299.61
291.21
282.17
294.29
296.06
306.50
306.31
287.41
297.35
315.42
305.25
285.80
290.42
306.44
308.96
301.66
303.55
295.68
297.89
303.89
295.10
301.81
292.11
287.16
290.11
304.32
301.54
301.54
286.12
296.62
305.03
296.00
314.04
315.59
311.27
290.95
294.03
300.45
308.17
305.47
295.60
291.52
283.77
283.77
287.74
311.07
311.07
292.37
275.36
291.69
308.61
304.63
308.58
313.05
303.09
296.88
290.53
288.68
290.98
302.48
312.11
305.10
308.67
289.60
285.93
293.20
309.66
293.54
300.84
313.38
313.64
302.54
287.52
291.12
292.17
303.18
313.09
309.09
298.54
297.15
286.01
287.19
302.63
288.68
296.38
303.52
309.69
289.83
291.23
306.65
704.23
372.49
286.20
256.32
220.54
277.16
299.61
306.09
304.79
295.16
283.34
294.23
306.28
281.93
291.38
302.63
303.74
303.74
284.68
287.11
288.63
284.79
300.84
311.66
310.75
304.94
291.83
291.86
293.34
299.70
313.02
306.59
300.81
306.28
267.28
275.61
277.60
280.77
285.36
302.27
311.17
301.63
298.80
301.60
294.93
296.47
304.75
299.61
298.03
297.62
301.87
294.87
300.81
313.51
291.06
290.28
285.93
282.65
290.81
305.00
309.79
300.27
300.57
300.75
293.54
298.06
305.94
297.24
296.94
299.22
298.89
296.18
301.24
305.19
279.33
294.44
296.24
290.11
297.47
308.61
303.15
300.00
302.48
298.09
292.88
299.46
304.32
297.53
296.88
302.27
294.87
297.77
302.42
301.69
280.82
295.80
294.72
293.08
301.69
307.66
302.15
300.78
305.10
295.48
297.21
310.66
316.69
289.74
289.94
306.50
305.65
300.93
306.44
298.60
285.82
297.32
289.35
286.18
292.03
299.49
299.64
300.33
304.82
292.68
296.94
312.76
312.01
289.30
291.32
305.94
305.53
302.39
306.91
296.74
286.78
299.04
284.95
284.95
288.43
294.64
296.50
312.47
313.09
313.09
284.47
282.49
289.32
292.48
302.27
313.35
314.30
302.72
291.23
292.45
292.97
290.11
310.66
296.56
305.41
306.47
287.08
293.54
300.72
305.94
302.51
306.03
307.28
302.51
296.85
303.46
296.18
299.07
300.96
302.33
297.38
290.70
295.83
288.16
303.21
309.89
296.21
299.10
294.15
287.96
289.10
301.27
314.56
308.55
300.21
299.79
283.96
288.07
301.42
300.96
312.01
300.24
294.49
287.00
293.97
298.48
292.43
302.18
307.16
296.65
293.43
298.75
301.81
298.48
298.21
303.12
295.16
298.72
303.64
296.38
301.78
293.17
287.49
293.74
306.06
304.23
297.09
302.08
306.78
294.26
293.17
301.24
299.55
299.70
728.51
518.85
294.26
191.36
126.64
126.64
166.70
166.70
187.39
216.90
229.67
229.67
246.79
273.75
303.40
296.91
297.35
310.21
318.07
299.07
285.50
292.48
296.38
301.87
313.87
310.08
299.46
296.30
289.05
285.50
301.96
290.95
295.01
301.93
312.40
291.29
290.11
305.56
309.41
302.02
298.80
301.93
296.94
300.48
302.33
299.73
295.28
302.45
298.54
298.00
307.00
286.45
285.82
295.54
307.03
293.37
302.05
756.05
405.35
172.40
120.99
120.99
170.53
214.58
214.58
241.60
269.69
304.57
332.52
332.34
312.47
293.94
273.77
286.34
272.41
290.92
302.54
306.28
295.13
298.54
303.28
294.70
295.80
305.72
308.93
306.75
304.38
303.06
297.94
297.68
302.33
296.79
297.12
310.37
681.20
492.77
281.29
187.97
135.72
135.72
162.90
162.90
188.86
208.75
405.13
261.14
261.14
283.29
318.03
320.68
312.37
279.49
277.96
300.72
301.33
303.15
307.41
307.41
279.85
289.35
284.66
273.65
287.71
302.60
308.29
302.79
302.11
302.08
293.89
298.12
305.84
297.35
297.29
299.70
299.49
296.88
302.82
305.00
279.98
295.10
294.84
286.10
295.77
307.85
303.92
303.18
303.21
299.01
294.32
300.84
304.63
297.77
297.18
302.45
295.33
298.39
301.90
302.33
280.64
296.62
293.60
290.75
300.96
307.98
303.86
303.64
305.90
296.30
295.28
300.99
304.91
296.74
299.76
301.17
297.09
297.74
305.87
297.62
285.44
296.88
289.05
285.20
290.42
297.12
300.81
311.01
319.32
290.44
284.44
304.63
312.24
301.96
301.24
300.81
295.01
300.48
304.79
296.30
286.86
299.94
285.77
289.02
292.94
296.18
302.69
312.34
319.32
288.60
284.74
308.36
309.95
301.17
302.60
300.03
294.67
301.66
302.85
298.69
286.83
300.39
282.86
291.52
296.68
291.83
304.60
315.29
317.12
286.04
287.69
308.96
307.98
288.63
293.03
299.91
307.31
304.75
304.54
298.98
291.23
296.18
285.39
293.23
297.77
290.75
305.53
318.07
310.78
285.01
289.27
308.10
306.25
289.30
294.20
300.51
305.19
308.29
298.00
290.98
282.38
297.00
294.84
296.18
297.80
297.80
290.61
308.07
308.07
294.87
293.26
311.88
305.65
305.65
289.52
291.29
289.94
301.27
314.83
307.47
307.47
292.06
275.10
279.30
300.90
301.30
293.74
304.14
306.50
293.46
292.80
305.37
310.88
309.21
301.81
299.19
281.98
290.11
297.59
298.48
312.27
301.93
287.03
289.52
297.56
286.23
293.66
307.85
317.12
301.66
297.24
302.66
299.49
298.60
302.97
299.91
295.95
300.75
301.45
295.04
306.34
287.91
284.79
293.71
309.41
293.83
300.54
314.20
313.12
296.56
286.23
293.11
292.11
304.88
313.94
305.44
298.00
295.25
284.52
289.35
303.18
291.52
298.12
304.17
310.53
288.96
291.12
308.67
304.91
293.86
286.10
299.52
305.13
306.34
303.43
298.18
295.92
304.11
294.44
298.95
308.04
282.49
289.86
300.06
304.48
286.83
292.68
307.66
304.11
300.99
301.17
297.03
297.41
302.21
301.11
295.97
297.44
302.24
296.74
297.89
309.79
277.75
292.65
302.66
300.33
286.23
294.29
307.88
304.01
301.27
301.90
294.72
297.21
313.35
309.41
293.34
285.71
296.00
294.32
299.94
306.06
278.73
294.72
305.31
294.70
288.30
295.51
304.75
302.94
302.36
302.08
294.70
300.21
315.62
308.99
289.88
290.22
301.33
305.53
304.20
307.09
281.24
297.50
305.56
293.57
291.06
299.79
300.36
305.37
304.07
300.09
293.86
301.42
305.16
298.83
297.41
302.21
296.65
299.22
303.28
303.49
281.66
299.34
303.52
295.48
293.03
297.18
298.92
304.54
306.81
293.57
284.14
284.14
309.79
302.69
302.69
288.38
291.15
293.28
299.76
311.82
311.82
290.30
296.50
278.71
276.04
286.18
291.80
298.89
308.67
319.28
303.03
298.30
304.01
302.60
297.12
299.61
300.12
295.07
299.40
305.19
296.18
287.03
299.52
285.63
289.38
291.35
291.66
299.73
310.82
320.17
295.42
285.09
296.91
297.62
296.09
300.51
304.85
307.41
308.29
306.12
293.03
275.79
296.30
291.06
301.78
308.58
290.14
294.52
308.74
315.52
298.95
299.10
304.69
301.27
295.86
303.46
296.30
298.39
300.63
302.72
298.06
290.08
295.95
284.90
292.03
295.10
288.54
304.29
317.23
313.38
290.14
287.05
303.31
307.60
301.87
305.22
296.77
297.27
304.20
297.91
300.75
292.00
291.83
285.90
300.99
306.37
287.36
297.09
312.79
307.38
289.16
287.99
302.66
307.91
302.11
303.21
294.96
298.24
304.07
295.71
302.63
292.51
287.33
287.71
303.12
299.76
285.82
296.41
314.30
303.28
287.08
291.12
302.97
309.15
301.87
303.31
294.55
300.78
311.46
307.60
296.15
281.29
277.39
287.83
305.56
292.63
286.42
298.89
312.53
299.64
287.19
293.26
304.26
307.09
303.95
300.03
295.42
302.45
311.98
304.44
298.48
276.78
276.78
279.46
289.13
307.28
292.57
300.84
313.58
302.57
302.57
287.85
290.36
292.00
302.21
311.82
307.91
298.39
302.94
298.57
307.22
307.22
282.67
275.31
283.71
302.24
289.41
300.90
315.39
306.37
299.58
287.19
289.74
293.03
305.59
312.73
306.34
297.83
304.26
295.19
298.39
308.29
282.01
289.69
298.72
304.44
287.49
293.05
306.09
302.76
303.28
301.42
297.03
297.35
302.51
301.36
296.18
297.44
302.08
296.85
297.62
310.33
279.36
293.26
301.02
299.82
287.08
293.40
305.34
304.29
302.54
302.57
294.26
296.71
310.91
310.98
297.77
285.90
292.85
292.85
306.65
320.03
287.36
297.00
303.98
296.35
290.11
296.27
302.18
303.52
303.92
302.91
293.69
297.97
312.89
309.15
295.57
288.43
289.07
293.83
307.50
317.33
280.93
283.18
297.47
289.27
289.52
297.06
297.12
304.63
313.74
313.38
289.74
289.66
307.03
307.47
301.96
303.52
296.53
0;0.25;3;0;0.1
298.95
303.15
295.62
212.71
174.97
174.97
111.28
81.17
63.89
52.67
44.80
38.98
34.50
30.94
28.05
25.65
23.63
21.90
20.41
19.11
17.97
16.95
16.05
15.23
14.50
13.83
13.22
12.66
12.15
11.68
11.24
10.83
10.45
10.10
9.77
9.46
9.18
8.90
8.65
8.40
8.18
7.96
7.75
7.56
7.37
7.19
7.03
6.87
6.71
6.57
6.42
6.29
6.16
6.04
5.92
5.80
5.69
5.59
5.48
5.39
5.29
5.20
5.11
5.03
4.94
4.86
4.79
4.71
4.64
4.57
4.50
4.43
4.37
4.30
4.24
4.18
4.13
4.07
4.02
3.96
3.91
3.86
3.81
3.76
3.72
3.67
3.63
3.58
3.54
3.50
3.46
3.42
3.38
3.34
3.31
3.27
3.24
3.20
3.17
3.13
3.10
3.07
3.04
3.01
2.98
2.95
2.92
2.89
2.87
2.84
2.81
2.79
2.76
2.73
2.71
2.69
2.66
2.64
2.62
2.59
2.57
2.55
2.53
2.51
2.49
2.47
2.45
2.43
2.41
2.39
2.37
2.35
2.33
2.31
2.30
2.28
2.26
2.24
2.23
2.21
2.19
2.18
2.16
2.15
2.13
2.12
2.10
2.09
2.07
2.06
2.05
2.03
2.02
2.00
1.99
1.98
1.96
1.95
1.94
1.93
1.91
1.90
1.89
1.88
1.87
1.86
1.84
1.83
1.82
1.81
1.80
1.79
1.78
1.77
1.76
1.75
1.74
1.73
1.72
1.71
1.70
1.69
1.68
1.67
1.66
1.65
1.64
1.63
1.62
1.62
1.61
1.60
1.59
1.58
1.57
1.56
1.56
1.55
1.54
1.53
1.53
1.52
1.51
1.50
0.00
0.00
0.00
0.00
0.00
0.00
0.00
0.00
0.00
0.00
0.00
0.00
0.00
0.00
0.00
0.00
0.00
0.00
0.00
0.00
0.00
0.00
0.00
0.00
0.00
0.00
0.00
0.00
0.00
0.00
0.00
0.00
0.00
0.00
0.00
0.00
0.00
0.00
0.00
0.00
0.00
0.00
0.00
0.00
0.00
0.00
0.00
0.00
0.00
0.00
0.00
0.00
0.00
0.00
0.00
0.00
0.00
0.00
0.00
0.00
0.00
0.00
0.00
0.00
0.00
0.00
0.00
0.00
0.00
0.00
0.00
0.00
0.00
0.00
0.00
0.00
0.00
0.00
0.00
0.00
0.00
0.00
0.00
0.00
0.00
0.00
0.00
0.00
0.00
0.00
0.00
0.00
0.00
0.00
0.00
0.00
0.00
0.00
0.00
0.00
0.00
0.00
0.00
0.00
0.00
0.00
0.00
0.00
0.00
0.00
0.00
0.00
0.00
0.00
0.00
0.00
0.00
0.00
0.00
0.00
0.00
0.00
0.00
0.00
0.00
0.00
0.00
0.00
0.00
0.00
0.00
0.00
0.00
0.00
0.00
0.00
0.00
0.00
0.00
0.00
0.00
0.00
0.00
0.00
0.00
0.00
0.00
0.00
0.00
0.00
0.00
0.00
0.00
0.00
0.00
0.00
0.00
0.00
0.00
0.00
0.00
0.00
0.00
0.00
0.00
0.00
0.00
0.00
0.00
0.00
0.00
0.00
0.00
0.00
0.00
0.00
0.00
0.00
0.00
0.00
0.00
0.00
0.00
0.00
0.00
0.00
0.00
0.00
0.00
0.00
0.00
0.00
0.00
0.00
0.00
0.00
0.00
0.00
0.00
0.00
0.00
0.00
0.00
0.00
0.00
0.00
0.00
0.00
0.00
0.00
0.00
0.00
0.00
0.00
0.00
0.00
0.00
0.00
0.00
0.00
0.00
0.00
0.00
0.00
0.00
0.00
0.00
0.00
0.00
0.00
0.00
0.00
0.00
0.00
0.00
0.00
0.00
0.00
0.00
0.00
0.00
0.00
0.00
0.00
0.00
0.00
0.00
0.00
0.00
0.00
0.00
0.00
0.00
0.00
0.00
0.00
0.00
0.00
0.00
0.00
0.00
0.00
0.00
0.00
0.00
0.00
0.00
0.00
0.00
0.00
0.00
0.00
0.00
0.00
0.00
0.00
0.00
0.00
0.00
0.00
0.00
0.00
0.00
0.00
0.00
0.00
0.00
0.00
0.00
0.00
0.00
0.00
0.00
0.00
0.00
0.00
0.00
0.00
0.00
0.00
0.00
0.00
0.00
0.00
0.00
0.00
0.00
0.00
0.00
0.00
0.00
0.00
0.00
0.00
0.00
0.00
0.00
0.00
0.00
0.00
