0.00
0.00
0.00
0.00
0.00
0.00
0.00
0.00
0.00
0.00
0.00
0.00
0.00
0.00
0.00
0.00
0.00
0.00
0.00
0.00
0.00
0.00
0.00
0.00
0.00
0.00
0.00
0.00
0.00
0.00
0.00
0.00
0.00
0.00
0.00
0.00
0.00
0.00
0.00
0.00
0.00
0.00
0.00
0.00
0.00
0.00
0.00
0.00
0.00
0.00
0.00
0.00
0.00
0.00
0.00
0.00
0.00
0.00
0.00
0.00
0.00
0.00
0.00
0.00
0.00
0.00
0.00
0.00
0.00
0.00
0.00
0.00
0.00
0.00
0.00
0.00
0.00
0.00
0.00
0.00
0.00
0.00
0.00
0.00
0.00
0.00
0.00
0.00
0.00
0.00
0.00
0.00
0.00
0.00
0.00
0.00
0.00
0.00
0.00
0.00
0.00
0.00
0.00
0.00
0.00
0.00
0.00
0.00
0.00
0.00
0.00
0.00
0.00
0.00
0.00
0.00
0.00
0.00
0.00
0.00
0.00
0.00
0.00
0.00
0.00
0.00
0.00
0.00
0.00
0.00
0.00
0.00
0.00
0.00
0.00
0.00
0.00
0.00
0.00
0.00
0.00
0.00
0.00
0.00
0.00
0.00
0.00
0.00
0.00
0.00
0.00
0.00
0.00
0.00
0.00
0.00
0.00
0.00
0.00
0.00
0.00
0.00
0.00
0.00
0.00
0.00
0.00
0.00
0.00
0.00
0.00
0.00
0.00
0.00
0.00
0.00
0.00
0.00
0.00
0.00
0.00
0.00
0.00
0.00
0.00
0.00
0.00
0.00
0.00
0.00
0.00
0.00
0.00
0.00
0.00
0.00
0.00
0.00
0.00
0.00
0.00
0.00
0.00
0.00
0.00
0.00
0.00
0.00
0.00
0.00
0.00
0.00
0.00
0.00
0.00
0.00
0.00
0.00
0.00
0.00
0.00
0.00
0.00
0.00
0.00
0.00
0.00
0.00
0.00
0.00
0.00
0.00
0.00
0.00
0.00
0.00
0.00
0.00
0.00
0.00
0.00
0.00
0.00
0.00
0.00
0.00
0.00
0.00
0.00
0.00
0.00
0.00
0.00
0.00
0.00
0.00
0.00
0.00
0.00
0.00
0.00
0.00
0.00
0.00
0.00
0.00
0.00
0.00
0.00
0.00
0.00
0.00
0.00
0.00
0.00
0.00
0.00
0.00
0.00
0.00
0.00
0.00
0.00
0.00
0.00
0.00
0.00
0.00
0.00
0.00
0.00
0.00
0.00
0.00
0.00
0.00
0.00
0.00
0.00
0.00
0.00
0.00
0.00
0.00
0.00
0.00
0.00
0.00
0.00
0.00
0.00
0.00
0.00
0.00
0.00
0.00
0.00
0.00
0.00
0.00
0.00
0.00
0.00
0.00
0.00
0.00
0.00
0.00
0.00
0.00
0.00
0.00
0.00
0.00
0.00
0.00
0.00
0.00
0.00
0.00
0.00
0.00
0.00
0.00
0.00
0.00
0.00
0.00
0.00
0.00
0.00
0.00
0.00
0.00
0.00
0.00
0.00
0.00
0.00
0.00
0.00
0.00
0.00
0.00
0.00
0.00
0.00
0.00
0.00
0.00
0.00
0.00
0.00
0.00
0.00
0.00
0.00
0.00
0.00
0.00
0.00
0.00
0.00
0.00
0.00
0.00
0.00
0.00
0.00
0.00
0.00
0.00
0.00
0.00
0.00
0.00
0.00
0.00
0.00
0.00
0.00
0.00
0.00
0.00
0.00
0.00
0.00
0.00
0.00
0.00
0.00
0.00
0.00
0.00
0.00
0.00
0.00
0.00
0.00
0.00
0.00
0.00
0.00
0.00
0.00
0.00
0.00
0.00
0.00
0.00
0.00
0.00
0.00
0.00
0.00
0.00
0.00
0.00
0.00
0.00
0.00
0.00
0.00
0.00
0.00
0.00
0.00
0.00
0.00
0.00
0.00
0.00
0.00
0.00
0.00
0.00
0.00
0.00
0.00
0.00
0.00
0.00
0.00
0.00
0.00
0.00
0.00
0.00
0.00
0.00
0.00
0.00
0.00
0.00
0.00
0.00
0.00
0.00
0.00
0.00
0.00
0.00
0.00
0.00
0.00
0.00
0.00
0.00
0.00
0.00
0.00
0.00
0.00
0.00
0.00
0.00
0.00
0.00
0.00
0.00
0.00
0.00
0.00
0.00
0.00
0.00
0.00
0.00
0.00
0.00
0.00
0.00
0.00
0.00
0.00
0.00
0.00
0.00
0.00
0.00
0.00
0.00
0.00
0.00
0.00
0.00
0.00
0.00
0.00
0.00
0.00
0.00
0.00
0.00
0.00
0.00
0.00
0.00
0.00
0.00
0.00
0.00
0.00
0.00
0.00
0.00
0.00
0.00
0.00
0.00
0.00
0.00
0.00
0.00
0.00
0.00
0.00
0.00
0.00
0.00
0.00
0.00
0.00
0.00
0.00
0.00
0.00
0.00
0.00
0.00
0.00
0.00
0.00
0.00
0.00
0.00
1;0.2;3;0;0.2\r\n
0.00
0.00
0.00
0.00
0.00
0.00
0.00
0.00
0.00
0.00
0.00
0.00
0.00
0.00
0.00
0.00
0.00
0.00
0.00
0.00
0.00
0.33
0.33
0.33
106.12
106.12
106.12
106.12
106.12
106.12
107.47
107.47
107.47
107.47
107.47
108.99
108.99
108.99
108.99
108.99
113.58
113.58
113.58
116.93
116.93
116.93
117.04
137.82
155.30
174.44
200.45
227.27
281.24
326.30
407.55
486.07
612.24
612.24
612.24
580.16
568.50
561.06
489.24
415.40
400.53
361.36
336.13
336.13
336.13
336.13
336.13
355.45
406.28
406.34
406.34
406.34
406.28
400.91
385.21
361.75
343.05
327.33
316.22
311.04
311.04
306.15
306.15
306.15
306.15
306.15
313.32
324.46
328.01
328.01
328.01
324.46
318.71
318.51
318.51
317.70
312.37
311.98
310.30
309.50
304.72
301.96
301.96
301.96
301.96
301.96
301.96
302.54
304.69
304.79
309.28
309.28
309.28
309.28
309.28
302.36
302.15
298.57
297.24
295.30
285.36
285.36
285.36
285.36
285.36
285.36
298.86
302.21
302.72
305.28
307.69
307.69
307.69
307.69
307.69
303.98
300.54
299.61
299.43
297.35
296.30
296.30
296.00
293.11
293.11
293.11
293.37
296.00
296.00
298.03
300.30
300.30
301.54
302.30
306.78
306.78
306.78
306.78
302.30
299.55
294.93
294.93
293.92
293.92
293.92
293.92
294.32
294.32
294.32
294.32
294.99
294.99
295.04
296.30
298.57
298.57
303.28
303.28
303.28
303.28
303.28
303.28
300.27
299.04
296.79
296.79
295.13
294.52
294.52
294.52
295.13
295.13
295.13
296.79
298.33
298.33
303.89
303.89
303.89
303.89
303.89
303.89
299.43
295.36
295.36
295.36
294.90
294.03
294.90
294.90
294.90
296.68
298.06
298.06
298.06
296.68
296.68
297.12
296.68
297.12
299.46
299.46
299.46
299.46
301.30
301.30
301.30
301.30
299.46
298.18
296.35
296.35
296.35
296.35
296.35
296.35
296.65
296.65
297.00
298.98
302.88
304.63
307.28
307.28
304.63
304.63
304.63
303.71
303.55
299.79
295.92
295.45
295.45
295.45
295.92
295.92
295.45
295.92
295.92
293.86
291.12
291.12
291.12
291.12
291.12
295.04
296.88
299.79
308.36
308.58
309.21
309.21
309.21
308.58
308.36
303.21
299.46
299.13
298.51
298.51
286.59
285.99
285.99
285.99
285.99
285.99
294.64
296.41
306.75
309.47
310.17
310.17
310.17
309.47
306.75
300.63
300.57
300.57
300.54
297.15
286.97
285.23
285.23
285.23
285.23
285.23
286.97
297.44
298.15
307.63
310.37
310.66
310.66
310.37
310.37
310.37
309.85
305.41
305.41
304.63
292.43
289.88
281.69
281.69
281.69
281.69
281.69
281.69
283.98
295.04
299.16
305.47
307.19
310.30
310.37
310.91
310.91
310.37
310.30
310.30
296.62
295.07
294.81
293.94
293.94
289.21
289.21
289.21
293.94
293.94
293.94
295.74
297.71
298.83
300.63
309.02
309.02
309.02
309.02
309.02
307.19
301.87
297.29
296.74
295.10
289.13
289.13
289.13
289.13
289.13
291.77
295.92
298.66
300.00
308.55
310.08
310.08
310.08
310.08
308.55
295.60
290.19
289.55
289.55
289.55
289.55
289.55
289.55
291.52
291.60
298.83
308.55
308.77
308.77
308.77
308.77
308.74
308.55
302.91
299.25
294.41
290.47
290.47
290.47
290.47
290.47
290.47
291.21
292.83
296.74
300.96
301.20
307.63
307.63
307.63
307.63
307.63
306.25
303.71
297.91
296.27
290.14
290.14
290.14
290.14
290.14
290.14
294.70
302.69
303.46
307.25
307.25
307.25
307.25
307.25
297.86
296.68
296.38
293.80
293.54
293.54
293.23
286.18
286.18
286.18
286.18
286.18
293.54
298.03
306.34
306.50
307.72
308.26
308.26
308.26
308.26
307.72
306.53
302.21
297.32
297.32
293.08
292.94
292.94
292.26
292.26
292.26
292.26
292.94
294.96
301.33
306.25
306.25
306.25
306.25
308.32
308.32
308.32
308.32
302.42
297.27
292.17
290.30
290.30
288.82
288.82
288.82
288.82
292.17
292.91
296.21
299.19
302.45
306.34
308.58
308.58
310.53
310.53
310.53
308.58
306.56
292.14
289.44
289.18
289.16
288.52
288.52
288.52
288.52
288.52
289.18
293.31
293.54
297.00
308.01
308.99
309.63
309.63
309.63
309.63
308.99
299.22
298.63
291.91
290.75
289.72
289.72
289.72
289.72
289.72
289.72
291.66
293.40
296.59
309.60
309.92
310.95
310.95
310.95
309.92
309.60
298.30
298.12
292.68
292.03
292.03
292.03
289.88
289.88
289.88
289.88
292.06
296.09
296.53
307.31
310.33
310.53
310.53
310.53
310.33
310.33
296.97
295.89
293.51
291.77
291.77
291.77
291.26
291.26
291.26
291.26
293.86
294.99
299.07
308.42
308.58
310.82
310.82
310.82
308.58
308.58
296.30
296.30
293.66
283.37
280.87
280.87
280.87
280.87
280.87
280.87
295.22
303.58
310.24
310.91
313.61
313.64
313.61
310.91
310.91
310.91
295.92
295.92
294.15
290.16
288.05
288.05
288.05
288.05
288.05
290.16
293.11
297.24
308.39
311.43
311.56
311.88
311.88
311.56
311.43
311.43
295.48
295.48
294.84
290.39
289.24
289.24
288.46
288.46
288.46
288.46
288.46
293.00
296.59
306.22
309.53
310.82
310.82
310.82
310.82
309.53
309.53
296.44
291.04
290.78
289.83
289.83
289.83
289.83
289.83
290.36
290.36
293.17
295.65
307.69
308.36
308.55
310.33
310.33
310.33
308.55
308.55
296.53
291.23
290.25
289.63
289.63
289.63
289.63
289.63
290.28
290.28
296.77
308.45
309.18
310.40
311.59
312.17
312.17
311.59
309.18
309.18
298.39
282.75
282.75
282.75
282.75
282.75
282.75
286.51
288.57
290.67
298.80
310.17
310.17
311.17
311.30
312.66
311.30
311.17
311.17
309.92
298.36
291.69
289.97
288.96
288.96
288.96
288.96
289.55
289.55
289.55
291.72
299.40
304.51
307.47
309.89
310.33
310.33
310.33
310.33
309.89
296.27
291.09
291.09
291.09
290.95
290.95
291.09
291.46
293.31
297.00
297.18
300.39
300.39
300.39
300.39
302.30
302.30
302.30
302.30
298.15
297.44
294.15
294.15
293.48
293.48
293.48
294.15
296.35
296.47
296.47
300.96
305.75
305.75
305.75
305.75
308.01
308.01
297.32
297.29
294.32
294.32
292.03
289.44
289.44
289.18
289.18
289.18
289.44
292.03
305.84
308.86
309.82
310.59
310.59
310.59
309.82
309.44
309.82
309.82
309.44
302.27
296.41
286.40
286.40
281.88
281.88
281.88
281.88
281.88
287.14
287.25
296.15
299.46
305.59
310.78
312.21
313.32
313.32
312.21
310.78
309.89
300.81
298.83
292.00
291.83
288.91
288.91
288.91
288.91
288.91
288.91
295.83
298.36
306.78
309.09
311.11
311.79
311.79
311.79
311.11
309.09
300.84
297.47
292.57
292.11
289.63
289.63
289.63
289.63
289.63
289.63
291.83
294.49
296.50
306.53
309.79
309.89
309.89
309.89
309.89
306.53
298.92
295.68
293.86
291.60
291.60
291.60
291.60
291.60
291.60
291.94
292.03
293.48
298.92
308.39
308.80
312.04
312.04
312.04
308.80
308.80
299.61
296.77
286.15
281.29
281.29
281.29
281.29
281.29
281.29
292.31
296.18
301.60
310.53
310.75
311.27
311.98
311.98
311.27
310.75
310.53
296.21
296.06
292.54
288.74
288.74
288.74
288.74
288.74
290.25
290.25
295.83
302.66
308.83
310.40
310.40
310.40
310.40
308.83
306.47
303.61
292.26
291.77
291.77
291.77
291.77
291.77
291.77
293.17
294.38
294.38
300.42
305.31
307.31
309.92
309.92
309.92
309.92
307.31
303.15
303.15
303.15
303.03
281.77
281.77
281.77
279.15
279.15
281.95
284.71
284.71
284.71
289.27
304.82
308.67
309.37
312.27
312.30
312.30
312.27
309.37
308.67
296.85
295.54
295.54
295.54
293.34
292.60
292.60
293.34
296.85
297.71
299.82
300.81
303.92
308.42
308.42
308.42
308.42
308.42
303.86
300.39
295.39
291.21
291.21
291.21
291.21
291.15
291.15
291.21
293.51
296.06
299.58
299.67
303.83
308.04
308.04
308.04
308.04
308.04
304.48
299.04
295.95
291.32
290.00
289.41
289.41
289.41
289.41
290.00
291.32
291.66
301.63
309.21
310.49
310.49
310.49
310.49
309.21
306.40
305.44
298.63
293.40
283.07
283.07
283.07
283.07
283.07
283.07
287.11
290.64
294.29
303.64
308.52
2;0.2;3;0;0.2\r\n
310.78
310.78
310.78
310.88
310.88
313.64
313.64
371.56
433.59
493.58
581.73
660.50
660.50
660.50
648.37
585.94
575.59
499.09
499.09
496.77
496.77
501.42
530.13
561.90
594.06
603.74
603.74
599.76
594.77
591.25
565.50
565.18
563.06
565.50
567.21
569.80
582.07
588.70
588.70
584.00
582.19
581.96
575.82
580.83
581.28
581.28
583.09
589.74
589.74
586.97
586.97
592.53
593.24
593.24
593.24
593.24
591.83
591.25
590.90
590.90
590.20
590.90
590.90
592.42
593.94
593.94
593.94
592.65
592.65
591.13
588.81
592.65
598.68
598.68
598.92
596.42
596.42
590.43
590.43
590.20
590.20
590.20
592.77
592.77
592.77
592.77
593.12
590.78
590.78
589.85
589.85
589.28
595.24
595.24
595.24
596.30
597.25
591.48
593.82
593.82
593.82
590.78
595.59
589.85
589.85
589.85
595.71
595.36
598.56
598.56
600.96
598.56
600.96
598.21
595.12
592.53
592.53
591.72
591.72
590.67
591.72
597.85
608.15
611.50
612.24
607.53
607.53
596.66
593.94
584.34
584.34
581.96
582.07
587.54
592.42
597.37
598.44
600.36
607.41
601.08
601.44
601.08
598.09
594.88
594.77
593.82
594.77
593.82
593.82
589.62
589.62
595.71
599.28
604.23
604.23
604.23
604.23
602.77
602.41
592.65
589.04
589.04
590.20
590.20
595.71
597.25
604.47
604.47
604.47
595.36
593.24
593.24
595.36
596.18
596.18
596.18
596.18
595.83
594.41
594.18
584.91
584.91
597.73
606.67
607.66
607.66
606.67
597.85
594.18
593.71
586.62
586.62
590.20
590.20
602.05
602.89
606.06
606.06
602.05
592.77
590.43
590.43
592.77
592.77
604.11
605.08
607.16
607.16
599.28
593.94
592.42
592.42
589.85
593.94
599.40
605.94
606.80
606.80
598.44
595.47
592.42
592.42
592.30
594.18
594.18
596.42
599.28
599.28
594.18
594.18
594.18
593.24
593.24
595.95
595.95
597.85
598.92
598.92
595.71
595.71
595.36
594.77
593.82
599.64
598.68
598.80
601.93
598.80
595.95
595.95
595.95
595.95
603.02
603.02
600.00
594.18
591.13
594.18
591.13
591.48
591.48
604.72
604.72
611.00
611.00
606.92
604.47
601.81
593.59
591.13
591.13
591.13
591.13
592.18
596.30
597.97
598.32
599.76
599.64
599.76
599.76
593.35
589.97
595.71
595.71
596.07
598.80
599.16
599.16
600.72
600.72
591.02
591.02
592.53
593.24
594.18
595.71
597.01
595.71
598.21
598.21
590.78
590.78
592.42
594.06
594.06
596.54
597.13
598.68
602.77
602.77
595.24
595.24
595.24
595.36
595.36
595.36
593.35
592.77
592.53
592.53
590.55
592.77
606.92
608.15
608.15
608.15
608.15
607.90
597.61
591.13
586.17
586.17
586.17
586.17
587.20
604.11
604.47
604.47
601.56
601.56
595.12
595.12
592.30
596.18
596.18
593.82
596.18
592.65
592.42
592.30
592.30
592.42
601.56
602.41
605.45
606.67
606.67
605.45
596.66
592.89
589.74
589.74
590.20
590.20
594.88
597.97
602.41
602.41
602.77
602.41
600.72
594.41
594.77
593.24
593.24
594.77
597.01
591.13
593.59
593.59
593.59
598.92
600.48
605.45
600.24
600.00
600.00
598.68
595.12
593.82
595.12
590.90
595.12
599.28
599.88
599.88
599.88
599.88
598.32
596.18
596.18
593.59
596.07
596.07
596.07
593.59
596.07
592.89
592.89
589.04
594.06
599.16
600.72
601.68
603.99
601.68
603.99
598.56
598.56
591.02
591.60
589.74
591.60
601.32
606.55
606.55
607.29
605.33
605.33
595.83
595.59
590.43
592.30
592.30
595.59
596.30
597.73
596.54
597.73
596.42
591.25
591.25
592.42
592.42
596.18
596.90
601.08
599.28
602.41
599.28
597.73
593.94
594.06
593.94
594.06
594.06
594.06
590.55
591.13
590.55
590.55
591.95
599.52
607.66
609.38
609.38
607.66
605.69
597.37
581.62
581.62
581.62
582.75
595.95
598.80
603.38
603.86
603.86
598.44
590.67
587.54
587.54
594.65
597.13
602.89
604.23
607.41
604.11
603.38
591.13
588.58
588.58
593.00
597.61
599.16
603.38
607.53
607.53
599.16
591.13
589.16
589.16
592.18
595.36
597.13
606.18
608.40
607.41
593.82
591.72
591.72
589.85
591.72
597.01
599.76
606.67
607.16
606.67
596.07
593.59
593.59
592.89
592.89
594.53
590.55
590.55
590.55
594.18
590.55
596.54
598.56
607.29
607.29
604.23
601.20
596.07
595.12
595.12
590.67
592.30
592.30
595.83
595.83
600.60
600.60
596.42
596.42
596.42
589.97
594.29
594.29
594.29
592.53
601.32
604.47
604.47
609.88
609.88
599.52
599.52
593.12
587.77
586.40
591.48
591.48
592.07
598.68
603.86
603.86
603.86
603.86
599.28
599.16
594.65
594.65
594.65
594.65
594.65
592.77
591.60
591.60
592.18
592.18
598.80
605.45
605.45
605.45
605.20
601.56
595.24
590.90
586.97
590.90
592.53
592.89
592.89
601.08
603.26
605.57
605.57
605.57
596.78
596.78
594.41
593.47
593.47
593.47
593.47
591.95
591.60
591.60
589.62
591.95
594.18
603.50
603.50
607.66
607.66
606.80
597.73
593.71
591.83
591.83
591.13
598.56
599.52
601.93
606.55
599.52
596.90
596.30
595.24
595.24
590.43
590.43
593.59
593.71
596.30
595.95
596.30
596.30
595.95
590.90
590.90
590.78
594.06
594.41
599.88
599.88
601.20
603.99
603.99
597.73
600.84
594.29
594.29
595.00
595.71
593.35
593.59
593.59
593.35
593.59
601.08
604.47
608.77
604.72
604.72
602.29
602.05
596.07
596.07
590.67
596.90
596.90
596.90
593.94
593.94
590.55
590.55
590.43
590.55
595.00
599.16
600.48
607.16
607.16
608.15
594.65
594.06
592.18
591.13
584.80
590.32
591.13
596.07
597.49
598.32
600.84
603.74
603.74
603.74
591.95
599.04
596.30
594.65
591.48
594.65
591.60
591.60
589.51
591.60
596.42
600.24
600.24
604.72
603.02
603.02
599.76
599.76
593.24
590.43
590.43
592.65
594.18
597.25
597.85
604.96
604.96
604.96
592.30
592.18
592.18
592.53
593.12
594.18
600.84
604.84
604.84
606.43
606.43
596.90
596.90
592.07
592.07
592.07
594.06
592.07
594.06
602.17
600.60
605.08
605.45
600.60
596.54
594.41
592.42
592.42
592.42
591.95
592.07
589.74
589.74
594.18
598.92
605.20
608.64
608.64
608.64
605.20
590.32
584.00
584.00
583.20
584.00
592.65
598.44
603.74
606.31
606.31
602.17
600.96
600.96
594.65
594.18
594.18
592.42
594.18
592.42
590.20
590.20
590.32
590.32
596.90
599.16
599.88
598.68
605.94
605.94
598.68
596.66
594.53
594.53
594.53
594.53
591.60
591.60
591.60
596.30
593.94
599.40
603.26
603.26
609.63
605.08
600.84
598.56
595.12
592.89
591.25
592.89
592.89
597.61
597.61
603.50
605.82
603.50
606.80
602.41
594.29
594.29
594.29
594.29
589.62
596.54
593.24
596.54
597.85
600.12
600.12
601.08
600.12
593.24
590.78
593.24
593.12
594.18
596.78
596.90
596.90
600.00
600.00
590.20
590.20
591.25
591.83
594.06
594.29
602.05
604.23
604.47
604.47
597.73
597.73
595.71
595.71
595.71
592.18
591.13
591.13
591.13
591.13
591.13
600.72
607.53
607.53
607.53
604.47
604.35
593.59
591.48
591.48
583.32
591.13
591.37
595.83
596.90
606.06
606.31
606.06
595.36
591.95
591.72
591.72
591.72
598.92
601.68
603.50
605.45
603.50
597.25
594.65
587.77
588.70
588.70
590.32
590.43
599.04
603.74
603.99
603.99
597.85
596.78
596.78
592.65
589.97
589.97
589.97
591.95
601.20
602.05
606.67
602.05
601.08
597.61
594.53
593.24
591.13
591.13
589.39
591.13
591.25
599.76
599.52
606.92
607.29
607.16
600.96
605.33
597.01
595.95
594.88
594.88
592.65
594.88
593.24
595.24
600.36
602.05
602.05
605.20
606.31
603.62
597.49
597.49
595.71
592.18
592.18
592.42
591.02
591.83
592.42
597.73
597.73
606.06
608.89
606.06
600.84
595.83
595.00
586.97
584.11
584.11
586.17
592.18
602.05
603.74
603.74
605.69
602.29
600.96
595.24
595.24
590.20
592.53
592.53
595.83
595.83
599.28
599.64
601.20
601.20
597.49
592.53
592.53
591.95
592.53
592.53
595.24
595.24
596.30
596.30
596.90
596.90
596.90
595.83
592.77
591.48
591.48
590.55
591.48
591.48
592.30
597.01
606.43
606.43
606.43
605.94
601.44
593.94
593.59
592.07
584.57
584.57
594.77
595.24
600.00
602.65
607.90
607.90
601.08
598.68
596.90
596.90
588.93
588.93
591.02
593.12
593.12
593.12
598.44
598.80
602.05
602.05
602.05
599.52
597.97
594.53
594.53
594.29
594.29
594.88
599.52
599.52
602.89
605.20
605.08
601.56
601.56
595.83
593.82
590.43
588.93
588.81
588.93
596.66
598.92
604.96
608.77
604.96
597.25
594.77
593.82
593.00
593.82
593.82
597.01
598.80
599.16
604.72
604.72
604.59
602.41
594.29
593.47
593.47
593.47
592.30
594.06
592.30
592.30
590.67
599.64
599.88
609.14
610.62
609.14
601.68
600.12
597.13
589.04
584.68
584.68
588.81
594.65
597.13
606.18
606.67
608.89
598.09
598.09
597.37
598.09
589.39
596.90
595.83
596.90
596.90
598.09
598.92
600.48
592.42
592.42
591.72
591.83
592.07
595.59
595.59
602.29
605.57
607.53
607.53
607.53
594.77
589.51
586.97
587.54
587.54
589.51
590.78
598.80
598.80
603.74
604.11
604.11
598.92
598.92
596.42
595.47
591.48
591.48
589.39
589.39
589.39
603.62
608.40
608.40
608.40
608.40
604.11
595.71
586.97
582.41
581.96
581.96
596.42
599.52
602.77
602.77
602.77
596.30
594.41
592.42
588.70
588.70
588.70
597.49
598.92
599.40
599.40
599.40
597.49
593.71
590.67
590.67
589.85
595.36
601.44
602.05
603.50
602.05
595.95
595.83
595.24
595.24
590.32
590.32
590.78
594.53
595.00
596.42
602.17
603.26
604.59
603.26
603.26
598.32
598.32
593.47
593.47
588.93
591.13
588.93
591.13
598.32
606.92
611.37
609.38
606.80
606.55
601.68
600.84
592.65
592.65
591.48
594.29
593.59
593.59
593.59
595.00
589.85
595.00
596.07
596.07
591.95
597.85
594.53
594.53
591.95
594.53
593.35
593.35
593.35
608.77
608.77
615.38
608.77
602.89
598.09
595.95
581.06
581.06
581.06
590.55
596.78
597.73
602.29
602.29
610.75
611.12
597.97
592.89
591.60
585.48
583.54
586.74
591.48
594.06
599.76
603.99
603.99
603.99
603.99
597.37
596.54
596.54
593.71
592.89
592.89
592.89
592.18
594.53
595.36
599.40
603.02
608.64
605.45
604.59
604.59
603.38
591.48
591.48
590.43
584.34
590.43
604.47
605.20
605.20
605.20
604.96
597.13
592.18
590.78
582.64
590.78
592.30
596.30
596.30
598.44
605.69
605.69
594.06
594.06
589.51
589.51
590.20
599.28
599.28
601.32
605.20
605.20
596.66
593.00
589.39
589.39
587.77
599.64
601.81
603.02
604.84
603.02
595.95
594.65
593.00
593.00
592.18
594.65
596.90
601.68
606.06
601.68
598.56
597.61
591.95
591.37
590.90
595.59
605.33
605.33
608.64
598.92
598.92
595.00
590.20
585.14
585.02
585.14
596.07
598.44
606.06
606.06
598.09
598.09
596.42
594.88
594.41
595.36
594.65
594.65
595.36
594.65
590.20
590.20
595.71
595.71
600.84
603.62
600.84
597.01
597.01
593.12
592.07
592.07
593.12
596.54
599.88
600.36
608.89
612.37
612.37
601.81
596.78
590.55
590.09
585.25
588.70
590.09
594.65
597.01
605.33
606.43
611.37
602.77
602.77
597.85
585.02
585.02
588.24
588.70
598.80
603.14
608.40
603.14
601.93
594.29
595.24
594.18
594.29
594.18
594.18
591.60
591.37
588.00
591.37
591.37
601.93
606.31
608.40
606.31
606.31
597.73
595.00
587.77
585.48
585.48
587.77
596.42
597.13
597.25
603.86
603.86
599.04
595.47
593.82
584.91
590.67
593.82
598.32
600.00
3;0.2;3;0;0.2\r\n
607.41
607.41
605.45
609.38
667.85
757.77
816.33
829.65
841.04
834.96
746.45
718.22
714.80
714.80
716.67
749.63
770.61
769.03
770.81
770.81
764.92
754.91
746.08
740.38
740.38
746.08
747.76
748.32
753.39
753.39
758.15
758.15
758.15
761.61
751.13
742.57
750.19
750.19
753.20
753.20
753.77
751.88
750.94
757.00
757.00
766.28
760.84
755.48
764.14
753.20
752.82
751.13
750.38
751.13
753.20
753.77
753.77
753.58
753.77
757.77
757.77
768.25
768.25
760.84
766.09
754.15
750.00
750.00
742.94
750.00
746.45
746.45
758.34
754.34
759.30
760.65
750.00
760.07
754.15
754.15
757.19
751.50
746.27
746.27
750.38
754.15
757.77
757.77
757.77
756.62
747.01
748.32
747.01
754.53
756.05
756.05
754.91
754.91
750.38
750.19
753.39
753.01
753.39
753.39
752.82
752.82
740.56
740.56
758.73
758.73
762.39
762.39
760.46
758.92
748.32
748.32
753.01
753.01
758.15
755.67
755.67
745.53
745.34
745.34
745.71
751.31
766.09
766.09
766.68
763.55
756.62
749.63
741.11
741.11
750.38
752.45
755.67
755.67
757.77
757.77
754.53
755.86
754.53
754.53
755.86
750.94
740.74
752.82
747.94
760.07
763.55
767.26
767.26
762.20
744.05
742.39
739.10
749.06
757.00
761.23
761.23
764.72
761.04
761.04
755.10
758.15
758.15
758.15
756.81
755.67
755.67
755.67
760.26
760.26
753.01
753.01
751.69
753.01
763.36
760.26
763.36
758.53
745.53
745.53
744.42
745.53
745.71
759.88
766.68
767.46
767.46
767.46
750.00
749.44
747.94
738.19
750.56
751.69
752.26
753.96
753.96
746.64
745.90
745.90
757.00
757.77
765.11
765.11
765.11
760.46
753.77
739.10
739.10
740.92
746.27
750.38
750.75
750.75
745.34
757.58
756.81
757.58
759.30
756.81
756.24
750.94
750.94
755.29
755.48
756.05
756.05
756.05
751.13
749.63
749.63
767.85
767.85
757.96
757.19
754.91
749.25
741.66
741.47
741.47
750.56
759.88
761.42
765.89
760.84
760.84
756.81
756.81
757.19
755.10
755.10
755.10
752.45
742.02
754.53
748.88
754.53
751.69
751.50
751.69
751.50
746.64
757.38
746.64
757.38
756.43
754.34
756.43
754.34
750.75
750.75
751.69
756.81
754.72
756.81
756.05
756.05
757.00
756.05
762.00
760.07
753.96
753.96
751.69
753.96
764.72
757.58
764.72
757.58
754.72
754.72
751.50
754.72
755.67
746.83
755.67
754.53
754.53
757.58
754.53
749.25
749.25
743.49
752.82
754.34
756.24
761.61
761.61
762.58
757.58
747.38
753.01
755.29
755.29
755.29
755.29
752.82
747.57
751.13
751.13
752.45
754.72
752.45
754.72
740.74
740.56
755.29
755.29
762.58
762.58
762.58
762.58
748.69
737.46
751.50
751.50
754.91
758.34
754.91
750.75
747.20
747.20
768.25
768.25
758.15
753.01
753.01
750.19
745.71
745.71
745.71
760.07
764.53
768.64
768.64
768.64
752.45
750.00
745.34
745.53
747.38
750.19
751.31
751.31
751.31
753.77
750.94
753.77
754.53
754.53
755.67
754.53
746.08
758.92
746.08
758.92
757.19
753.01
757.19
753.01
751.69
762.78
751.88
755.10
753.20
752.63
753.20
753.20
755.67
758.34
758.92
758.92
752.63
752.63
749.81
752.63
762.97
759.88
762.97
755.29
742.02
741.29
741.29
741.29
741.29
760.46
760.65
771.41
771.41
771.41
765.70
757.58
753.20
736.56
736.56
742.02
747.57
753.77
753.77
753.01
757.19
750.00
750.75
753.39
753.39
753.39
753.39
752.82
748.69
749.63
749.63
750.56
755.67
755.67
755.67
747.20
741.66
746.27
753.58
757.58
760.07
759.30
762.78
747.38
744.23
747.38
747.38
750.38
756.24
756.24
758.92
750.94
743.86
750.94
750.94
764.14
767.26
764.14
764.14
741.29
740.92
740.01
739.28
748.88
750.00
759.49
763.94
763.94
767.07
750.38
749.25
745.90
739.28
739.28
738.01
745.34
758.73
765.31
765.50
765.50
765.11
761.81
759.69
746.08
741.84
739.10
742.76
747.57
764.14
765.11
765.11
758.53
758.53
753.96
742.02
747.57
747.01
754.72
761.81
763.36
768.84
768.05
758.53
751.31
748.13
748.13
746.45
753.01
760.65
763.75
757.58
754.34
750.94
750.94
754.34
757.96
757.96
758.53
758.53
754.53
758.53
754.53
754.53
746.64
742.57
747.76
751.31
759.49
761.81
761.81
761.42
765.50
744.79
745.90
756.43
756.43
761.81
761.81
761.81
761.81
749.81
749.81
751.69
754.15
754.15
754.15
749.25
741.11
742.94
756.81
756.81
757.58
756.81
756.81
756.81
749.81
749.81
749.81
749.81
755.48
749.25
749.25
749.25
739.28
749.44
749.44
756.43
757.19
756.43
756.43
749.25
746.08
746.08
749.25
755.10
754.72
754.72
753.58
752.82
752.82
752.82
757.58
757.58
752.63
752.63
750.19
747.76
752.63
748.32
752.63
753.77
753.77
757.58
753.77
746.83
758.15
745.53
758.15
760.65
760.65
760.65
760.65
758.92
761.81
753.96
753.96
754.91
753.96
754.91
756.81
756.81
759.30
759.30
759.30
756.05
752.07
752.07
756.05
764.53
764.53
762.39
757.00
744.97
742.39
742.39
744.97
760.26
763.16
764.72
763.16
760.65
758.92
755.86
744.23
741.47
741.47
748.69
754.34
758.92
758.92
758.92
757.77
755.86
741.29
741.84
755.48
755.48
756.81
756.81
757.58
757.96
748.69
748.69
753.77
753.77
754.15
754.15
750.38
740.01
744.05
752.07
757.77
764.53
764.53
764.53
749.25
742.39
742.39
734.93
747.01
750.56
759.11
759.11
759.11
755.10
755.10
755.10
755.10
755.86
753.58
753.58
748.88
746.45
746.45
748.88
752.63
753.20
753.20
753.20
753.20
750.19
750.19
753.58
753.58
753.20
753.20
749.63
748.13
751.13
747.57
751.13
753.96
753.96
755.10
753.96
743.86
757.96
747.20
757.96
758.73
757.96
758.73
757.96
750.38
760.65
753.39
753.58
754.72
753.58
754.72
757.77
757.77
757.77
757.77
758.73
758.73
750.38
752.82
752.82
750.38
764.14
758.34
758.34
758.34
745.16
746.45
745.16
735.11
760.65
761.23
765.70
765.70
765.70
762.58
749.81
744.23
730.28
740.38
742.76
749.25
762.00
763.16
763.16
764.72
755.67
750.56
744.97
749.63
749.63
749.63
757.00
760.26
751.69
751.69
753.58
753.58
754.15
753.58
749.06
744.42
744.42
752.63
753.96
756.81
758.15
758.15
756.24
751.13
746.08
748.13
748.13
751.88
751.88
751.88
748.32
748.32
748.32
748.32
751.13
754.53
754.34
754.34
749.81
746.08
746.08
749.81
751.50
753.39
753.39
753.39
754.34
750.75
750.75
752.82
750.94
752.82
755.48
750.94
755.48
751.69
745.34
751.69
751.69
753.96
764.33
753.96
753.96
748.32
743.68
747.38
749.06
756.62
757.19
757.19
757.19
759.69
755.29
755.67
759.30
755.29
755.67
753.20
753.20
759.11
759.11
759.30
759.30
756.43
756.43
756.43
751.88
762.58
757.38
757.38
757.38
752.63
756.05
756.05
748.32
754.15
747.01
754.15
757.19
752.26
753.96
752.26
747.20
745.34
745.34
747.38
751.69
755.10
758.73
758.73
762.39
742.39
742.94
749.63
756.43
756.43
757.58
757.58
755.86
748.13
748.13
748.13
752.82
754.72
752.82
752.82
745.16
745.16
753.77
753.77
757.96
762.97
762.97
753.39
747.20
747.20
747.20
747.20
750.75
750.75
750.75
745.53
745.53
745.53
751.13
762.20
763.94
773.00
767.07
761.04
742.39
740.56
742.39
744.42
746.45
763.36
764.92
764.92
760.07
749.25
747.20
745.34
745.34
748.32
747.57
753.39
760.65
752.07
760.65
757.19
756.24
757.19
756.24
756.24
759.49
743.86
757.96
757.96
752.45
757.96
752.45
752.45
762.39
751.50
754.91
758.53
754.91
757.19
757.19
757.19
759.88
759.88
760.07
760.07
753.96
755.86
753.96
755.86
764.14
756.81
762.20
756.81
747.38
747.38
740.92
740.92
751.50
752.82
758.15
763.94
758.15
758.15
753.77
753.39
745.34
745.34
746.27
756.05
764.92
764.92
764.92
764.33
0;0.2;3;0;0.2\r\n
741.84
741.84
732.06
731.53
731.53
566.39
517.53
476.44
441.39
411.14
384.78
361.59
341.04
322.69
306.22
291.35
277.86
265.56
254.31
243.97
234.43
225.62
217.44
209.84
202.75
196.12
189.91
184.09
178.61
173.44
168.57
163.96
159.60
155.47
151.54
147.81
144.25
140.87
137.64
134.55
131.60
128.77
126.07
123.47
120.98
118.59
116.29
114.08
111.95
109.90
107.93
106.02
104.18
102.40
100.68
99.02
97.41
95.86
94.35
92.89
91.47
90.10
88.77
87.47
86.21
84.99
83.81
82.65
81.53
80.44
79.37
78.34
77.33
76.34
75.38
74.45
73.54
72.64
71.78
70.93
70.10
69.29
68.50
67.73
66.97
66.23
65.51
64.80
64.11
63.43
62.77
62.12
61.48
60.86
60.24
59.65
59.06
58.48
57.92
57.36
56.82
56.29
55.77
55.25
54.75
54.25
53.77
53.29
52.82
52.36
51.91
51.46
51.02
50.59
50.17
49.75
49.34
48.94
48.55
48.16
47.77
47.40
47.02
46.66
46.30
45.94
45.59
45.25
44.91
44.58
44.25
43.93
43.61
43.29
42.98
42.68
42.37
42.08
41.78
41.50
41.21
40.93
40.65
40.38
40.11
39.84
39.58
39.32
39.06
38.81
38.56
38.32
38.07
37.83
37.60
37.36
37.13
36.90
36.68
36.45
36.23
36.02
35.80
35.59
35.38
35.17
34.97
34.76
34.56
34.37
34.17
33.98
33.79
33.60
33.41
33.22
33.04
32.86
32.68
32.50
32.33
32.16
31.98
31.81
31.65
31.48
31.32
31.15
30.99
30.83
30.68
30.52
30.37
30.21
30.06
29.91
29.76
29.62
29.47
29.33
29.18
29.04
0.00
0.00
0.00
0.00
0.00
0.00
0.00
0.00
0.00
0.00
0.00
0.00
0.00
0.00
0.00
0.00
0.00
0.00
0.00
0.00
0.00
0.00
0.00
0.00
0.00
0.00
0.00
0.00
0.00
0.00
0.00
0.00
0.00
0.00
0.00
0.00
0.00
0.00
0.00
0.00
0.00
0.00
0.00
0.00
0.00
0.00
0.00
0.00
0.00
0.00
0.00
0.00
0.00
0.00
0.00
0.00
0.00
0.00
0.00
0.00
0.00
0.00
0.00
0.00
0.00
0.00
0.00
0.00
0.00
0.00
0.00
0.00
0.00
0.00
0.00
0.00
0.00
0.00
0.00
0.00
0.00
0.00
0.00
0.00
0.00
0.00
0.00
0.00
0.00
0.00
0.00
0.00
0.00
0.00
0.00
0.00
0.00
0.00
0.00
0.00
0.00
0.00
0.00
0.00
0.00
0.00
0.00
0.00
0.00
0.00
0.00
0.00
0.00
0.00
0.00
0.00
0.00
0.00
0.00
0.00
0.00
0.00
0.00
0.00
0.00
0.00
0.00
0.00
0.00
0.00
0.00
0.00
0.00
0.00
0.00
0.00
0.00
0.00
0.00
0.00
0.00
0.00
0.00
0.00
0.00
0.00
0.00
0.00
0.00
0.00
0.00
0.00
0.00
0.00
0.00
0.00
0.00
0.00
0.00
0.00
0.00
0.00
0.00
0.00
0.00
0.00
0.00
0.00
0.00
0.00
0.00
0.00
0.00
0.00
0.00
0.00
0.00
0.00
0.00
0.00
0.00
0.00
0.00
0.00
0.00
0.00
0.00
0.00
0.00
0.00
0.00
0.00
0.00
0.00
0.00
0.00
0.00
0.00
0.00
0.00
0.00
0.00
0.00
0.00
0.00
0.00
0.00
0.00
0.00
0.00
0.00
0.00
0.00
0.00
0.00
0.00
0.00
0.00
0.00
0.00
0.00
0.00
0.00
0.00
0.00
0.00
0.00
0.00
0.00
0.00
0.00
0.00
0.00
0.00
0.00
0.00
0.00
0.00
0.00
0.00
0.00
0.00
0.00
0.00
0.00
0.00
0.00
0.00
0.00
0.00
0.00
0.00
0.00
0.00
0.00
0.00
0.00
0.00
0.00
0.00
0.00
0.00
0.00
0.00
0.00
0.00
0.00
0.00
0.00
0.00
0.00
0.00
0.00
0.00
0.00
0.00
0.00
0.00
0.00
0.00
0.00
0.00
0.00
0.00
0.00
0.00
0.00
0.00
0.00
0.00
0.00
0.00
0.00
0.00
0.00
0.00
0.00
0.00
0.00
0.00
0.00
0.00
0.00
0.00
0.00
0.00
0.00
0.00
0.00
0.00
0.00
0.00
0.00
0.00
0.00
0.00
0.00
0.00
0.00
0.00
0.00
0.00
0.00
0.00
0.00
0.00
0.00
0.00
3;0.2;3;0;0.2\r\n
0.00
0.00
0.00
0.00
0.00
0.00
0.00
0.00
0.00
0.00
0.00
0.00
0.00
0.00
0.00
0.00
0.00
0.00
0.00
0.00
726.04
693.48
290.33
290.33
290.33
242.01
242.01
227.55
227.55
227.55
116.10
116.10
116.10
115.76
115.76
115.76
115.19
115.19
115.19
115.19
115.76
115.76
116.10
116.10
116.10
116.10
116.10
118.59
134.10
154.59
181.43
232.77
265.96
332.04
405.46
470.74
531.26
653.74
771.41
823.05
878.22
878.22
809.94
782.47
733.50
697.51
697.03
697.51
732.42
747.94
767.66
771.80
771.80
757.00
752.82
748.32
741.66
741.66
748.32
748.69
754.72
753.01
753.01
753.01
753.01
754.91
754.91
754.91
754.91
754.91
754.91
755.29
756.24
753.58
756.24
757.19
753.58
757.19
754.15
747.76
754.15
754.15
757.58
761.61
757.58
757.58
758.53
750.19
754.15
754.15
754.15
759.49
759.49
759.49
764.33
755.48
755.48
749.44
754.91
749.81
754.91
756.43
756.81
758.92
758.92
750.56
755.10
750.56
755.10
764.53
757.00
761.61
757.58
757.00
757.58
752.07
752.07
755.10
745.71
752.26
752.26
752.26
765.11
765.11
765.11
749.81
739.10
739.10
738.55
741.29
758.92
769.63
778.82
760.26
753.96
752.63
747.01
747.01
743.31
752.26
752.26
752.26
756.43
762.00
762.00
762.00
760.84
749.25
749.25
747.38
749.25
754.72
754.72
754.91
751.88
751.88
748.50
746.08
746.08
746.08
755.67
755.67
751.31
751.31
749.44
749.44
749.44
749.44
749.63
762.97
762.97
762.97
745.53
743.49
743.49
745.53
759.30
759.69
768.84
764.72
758.73
757.19
743.49
743.49
752.63
754.53
757.19
755.67
755.67
755.67
750.38
750.38
760.65
758.53
760.65
758.53
745.16
757.58
749.81
757.58
758.53
761.42
766.09
766.09
752.82
752.82
747.76
742.39
744.42
744.42
754.91
763.16
765.11
766.87
762.97
761.42
740.01
740.01
742.76
742.94
748.13
750.75
772.00
771.60
761.81
748.32
748.32
748.32
755.10
755.10
751.50
751.50
751.50
751.50
758.73
758.73
748.69
748.69
748.69
749.81
749.81
753.20
753.20
743.68
743.68
743.68
743.68
756.62
757.38
762.97
762.97
758.53
758.53
744.79
744.79
744.79
746.45
750.94
758.15
758.15
758.15
754.91
754.91
754.91
755.10
755.10
752.82
752.82
748.32
748.32
748.32
748.32
755.67
751.69
751.69
747.94
747.94
747.94
748.69
748.69
748.69
748.69
747.94
746.27
744.60
744.60
747.76
757.19
759.49
764.14
761.61
758.92
757.38
755.29
755.29
755.29
754.72
754.72
754.72
747.76
750.19
747.57
750.19
757.38
757.77
761.61
757.77
744.60
755.67
748.32
753.01
755.67
753.01
761.42
761.42
746.83
759.49
753.77
753.77
753.77
752.26
757.00
757.00
757.00
763.36
760.46
760.46
760.46
745.34
749.06
749.06
749.06
761.23
766.48
765.31
765.31
752.07
753.77
752.07
752.07
753.77
742.94
748.69
748.69
748.69
757.77
757.77
749.06
749.06
749.06
749.06
752.63
752.63
754.72
754.72
745.71
745.71
745.71
756.62
756.62
757.58
758.53
758.53
758.53
749.81
749.81
749.81
750.38
758.73
752.63
752.63
752.63
752.63
753.01
753.01
756.05
753.01
756.62
759.69
759.69
759.69
744.97
744.97
757.19
757.19
757.19
760.46
757.96
757.96
757.96
749.81
749.81
749.81
749.63
746.45
746.45
746.45
749.63
749.63
754.15
754.15
753.20
754.15
753.20
752.82
752.82
752.82
753.96
754.15
753.96
753.96
753.20
751.88
753.20
757.00
759.11
761.23
759.11
741.29
754.91
754.91
754.91
757.00
763.36
766.28
766.28
747.57
750.19
747.57
747.57
749.06
745.34
754.34
754.34
756.05
761.42
759.69
759.69
759.69
751.31
758.92
755.29
758.92
764.33
755.86
758.92
758.92
752.45
758.92
752.45
752.45
763.36
745.53
750.38
750.38
757.00
762.78
762.78
757.00
755.10
742.39
745.90
745.90
749.25
752.07
757.77
757.77
757.77
757.77
755.29
754.72
754.72
754.72
751.69
751.69
746.27
746.27
746.27
748.13
756.81
756.05
763.55
763.55
753.20
751.69
751.69
751.69
751.50
743.49
743.49
745.16
745.16
757.77
759.30
773.59
759.30
758.53
756.43
743.86
742.02
743.86
752.45
754.91
761.42
761.42
761.42
753.96
753.96
753.58
753.58
751.13
751.13
751.13
752.07
752.07
751.88
751.88
751.88
753.39
753.58
753.39
753.58
750.19
749.06
750.19
750.19
762.20
763.16
763.16
763.16
754.72
741.11
743.13
743.13
743.13
759.69
761.42
763.16
767.07
763.16
763.16
755.48
750.00
746.08
742.76
746.08
749.44
751.88
765.50
771.21
771.21
752.45
750.00
749.81
751.69
743.49
751.69
752.82
752.63
752.82
752.63
763.36
766.87
766.87
749.06
749.06
745.71
749.06
745.71
745.71
755.29
755.48
764.33
764.33
764.33
762.00
758.34
737.83
737.83
733.68
743.31
750.56
753.77
755.48
768.84
768.84
752.26
749.63
742.94
743.68
749.63
751.50
751.69
751.69
752.07
752.07
752.07
753.77
753.77
752.63
752.63
750.56
747.76
747.76
747.76
757.38
757.38
757.38
750.00
750.00
750.00
750.00
748.50
748.50
748.50
748.50
745.90
746.08
746.08
752.26
753.01
757.96
757.96
755.67
757.96
754.34
752.45
752.45
752.45
752.45
754.53
754.53
753.39
757.19
757.19
757.19
760.65
760.65
761.61
761.61
761.61
753.96
741.66
747.76
753.77
753.77
767.66
767.46
767.46
753.96
748.88
748.32
735.65
737.64
739.28
762.39
763.75
764.14
771.01
761.23
757.38
742.94
743.68
743.68
749.44
753.01
754.91
765.70
764.33
760.65
760.65
753.01
750.00
750.00
741.11
747.94
748.32
748.32
761.23
761.23
757.19
757.19
750.94
750.94
750.94
750.94
755.67
755.67
741.66
741.66
1;0.2;3;0;0.2\r\n
742.02
756.24
756.81
756.24
745.90
745.90
745.90
535.43
535.43
408.94
408.94
408.94
332.70
332.70
332.70
267.02
267.02
234.83
234.83
146.75
146.75
146.75
146.75
146.75
146.75
146.75
146.75
166.66
201.79
218.69
279.02
340.72
392.62
435.98
489.08
489.08
489.08
482.08
460.62
443.85
406.67
336.93
333.33
299.31
299.31
299.31
299.31
299.31
299.31
323.03
335.16
359.97
368.87
368.87
368.87
368.87
368.87
362.98
336.06
322.68
298.89
298.36
279.25
279.25
279.25
279.25
279.25
279.25
296.12
303.43
307.53
312.21
312.21
312.89
312.89
312.21
309.37
309.28
308.71
308.55
308.55
304.60
302.54
297.83
296.27
294.61
294.61
294.61
296.27
297.83
298.24
298.89
306.62
307.85
307.85
307.85
307.85
306.72
306.62
300.36
297.91
297.91
292.57
291.09
290.44
290.44
290.44
290.44
290.44
296.56
305.94
309.89
309.89
309.89
309.89
309.89
305.94
301.27
297.80
291.35
282.01
282.01
282.01
282.01
282.01
294.35
303.77
305.59
309.89
310.91
309.89
305.97
305.97
305.97
305.97
293.20
291.89
281.61
281.27
281.27
281.27
281.27
281.27
281.27
288.46
291.06
301.75
309.06
309.85
312.43
313.05
313.05
312.43
309.85
309.85
300.00
295.33
294.90
292.06
289.58
289.58
289.58
294.90
295.33
303.55
309.95
310.66
310.66
310.66
309.95
303.55
303.18
302.21
299.49
296.59
294.72
291.18
291.18
291.18
291.18
291.18
291.91
294.72
295.42
298.72
299.97
298.72
295.83
295.83
297.68
298.72
298.72
298.72
297.68
295.83
295.83
294.81
294.44
294.81
294.81
294.81
294.81
304.94
307.47
308.26
308.26
308.26
307.47
304.94
300.90
300.90
299.94
299.94
296.06
295.92
295.92
295.86
295.86
295.86
293.20
290.92
290.92
290.92
291.57
293.20
293.20
297.35
299.46
299.46
306.15
311.92
311.92
311.92
311.92
311.92
308.48
297.97
284.25
284.25
284.25
284.25
284.25
286.89
288.16
299.16
307.91
308.93
308.93
307.91
300.99
300.99
307.31
300.99
300.33
298.75
296.35
296.06
293.00
293.00
292.83
292.17
292.17
292.17
292.83
294.81
294.81
295.62
300.72
309.63
311.79
312.66
313.19
313.19
313.19
312.66
312.66
294.38
282.99
282.99
281.37
281.37
281.37
281.37
281.37
287.99
292.17
304.79
304.88
306.69
306.69
306.69
309.92
309.92
309.92
302.97
297.71
294.29
289.24
289.24
289.24
288.74
288.74
294.29
297.32
301.66
305.47
307.38
307.38
307.38
307.38
305.47
305.47
299.67
298.30
297.80
297.71
297.71
297.47
289.30
289.30
289.30
289.30
289.30
297.18
307.03
307.38
307.38
307.38
307.38
307.38
307.38
307.19
307.19
301.14
298.48
295.45
295.19
279.12
279.12
279.12
279.12
279.12
279.12
284.55
288.68
293.40
304.69
306.91
307.63
309.76
310.53
310.66
310.66
310.66
310.66
309.76
309.12
295.36
291.01
290.44
290.36
290.19
289.55
289.55
289.55
289.55
289.55
290.19
298.30
309.21
309.47
310.69
312.11
312.11
312.11
310.69
310.69
300.57
295.74
287.74
287.74
287.74
287.44
287.44
287.44
292.88
299.58
309.15
310.01
309.15
300.18
301.84
303.52
303.52
303.52
301.84
300.18
299.04
292.20
292.20
292.20
292.20
292.20
292.00
292.00
292.20
292.97
295.74
299.64
301.96
307.79
307.79
307.79
307.79
307.79
306.12
304.63
292.74
291.29
291.29
291.09
286.78
286.78
286.78
286.78
286.78
291.09
292.06
303.40
308.64
309.89
309.89
309.89
309.89
308.64
305.19
302.85
302.85
295.25
294.38
294.38
294.38
292.48
292.37
292.48
294.38
294.44
295.25
297.50
298.78
305.94
305.94
305.94
305.94
305.94
305.94
304.51
300.60
296.56
294.23
294.23
294.23
291.32
290.92
290.92
291.32
295.74
295.74
298.15
299.40
300.66
305.41
305.41
305.41
305.41
305.41
303.74
300.57
297.89
296.79
296.79
293.83
291.21
290.25
290.25
291.21
293.83
293.83
297.83
300.51
301.20
306.50
306.50
306.50
306.50
306.50
304.32
299.73
299.25
296.53
296.53
293.48
290.61
290.61
290.61
291.77
293.48
293.48
297.47
298.48
298.48
304.72
304.72
305.72
305.72
305.72
305.72
305.72
299.22
294.90
294.90
290.44
290.44
290.44
291.09
292.68
292.68
296.24
300.27
300.27
306.40
307.22
307.22
308.32
308.32
308.32
307.22
299.55
293.40
293.08
291.29
290.92
289.60
289.60
289.60
290.92
290.92
291.29
293.26
296.53
302.05
309.44
309.95
312.08
312.08
312.08
312.08
309.44
294.00
293.83
290.64
287.99
287.99
287.99
287.99
287.99
290.59
296.41
303.28
309.85
310.95
310.95
309.85
303.28
303.28
302.15
302.15
299.31
296.12
285.58
285.47
285.47
285.47
285.47
285.47
285.58
299.55
302.97
307.25
309.98
310.37
310.37
310.37
311.11
311.11
311.11
310.37
302.51
299.19
285.99
283.10
283.10
282.35
282.35
282.35
282.35
283.10
284.77
301.20
306.78
307.38
308.48
309.44
309.79
311.27
311.27
311.27
309.79
309.44
296.94
290.67
290.02
289.69
288.41
288.41
288.41
288.41
288.41
288.41
291.60
297.29
307.60
308.99
309.25
310.08
310.08
310.08
309.25
308.99
300.54
300.54
295.89
294.03
291.40
290.78
289.97
289.97
289.97
290.78
290.78
290.78
296.12
306.34
307.00
310.11
310.11
310.11
310.11
310.11
298.48
295.22
294.06
292.31
292.31
287.27
287.27
287.27
287.27
287.27
289.86
293.71
300.24
307.44
307.53
311.14
311.14
311.14
311.14
311.14
296.41
296.33
291.06
286.70
286.70
286.70
286.70
286.70
289.80
289.80
293.83
301.84
312.47
313.28
313.94
315.06
315.06
315.06
315.06
315.06
297.83
297.83
294.81
280.95
280.95
280.95
280.95
280.95
280.95
281.35
292.43
292.60
308.17
309.53
311.40
313.48
313.48
311.40
309.53
309.53
297.27
297.27
296.18
294.75
291.15
288.93
287.85
287.85
287.85
287.85
287.85
293.97
301.99
309.66
311.24
313.35
313.35
313.35
311.24
309.66
309.66
297.86
293.48
291.18
290.00
287.25
287.25
287.25
287.25
287.25
287.25
287.77
294.70
303.34
306.06
309.98
310.43
310.43
310.43
310.43
310.43
298.78
298.12
291.32
289.52
287.85
287.85
289.52
289.52
289.52
309.79
310.05
310.05
310.24
311.75
310.24
310.05
309.79
309.63
300.21
299.94
283.82
283.10
283.10
283.10
283.10
283.10
283.10
289.24
295.86
300.36
305.03
309.15
310.30
310.30
310.30
310.30
309.15
306.65
306.65
305.78
298.42
294.64
291.89
291.89
284.79
284.79
284.79
288.46
288.46
291.89
291.97
300.30
304.79
308.55
309.57
310.40
310.40
310.40
310.40
308.55
294.93
294.93
291.46
291.46
288.07
288.07
288.07
288.07
290.30
290.30
293.66
294.72
300.24
310.01
310.01
311.30
311.30
311.30
311.30
310.01
309.02
292.65
290.92
290.11
287.16
287.16
287.16
287.16
287.16
293.51
299.70
304.38
309.82
309.82
306.81
304.38
306.81
306.81
306.81
300.33
296.77
288.91
288.91
288.91
288.57
288.57
288.57
293.37
294.23
298.83
302.02
302.02
302.02
302.72
302.72
302.72
309.95
309.95
302.72
298.89
297.77
289.10
287.33
287.33
287.33
287.33
287.33
287.33
289.66
295.97
306.47
307.03
309.09
309.09
309.09
309.09
307.09
307.09
302.02
299.82
299.46
295.89
289.55
289.55
289.55
289.55
289.55
291.83
294.90
294.90
307.06
307.94
308.01
308.01
308.01
307.94
307.06
304.94
300.36
300.30
299.19
289.63
289.46
289.46
289.46
289.46
289.46
289.63
292.97
293.31
306.18
307.60
309.57
309.57
309.57
307.60
307.60
309.57
310.05
302.82
302.82
301.66
301.66
301.66
277.75
277.09
277.09
277.09
277.09
277.09
277.75
283.71
287.16
299.82
311.04
311.43
312.43
313.25
313.25
312.43
312.43
311.04
294.87
292.71
292.71
292.71
292.71
292.71
294.87
295.48
298.98
301.99
307.35
310.01
310.01
310.72
310.01
310.01
310.01
310.01
305.84
303.80
291.57
291.57
288.96
285.82
285.82
285.82
286.97
294.03
306.75
306.75
306.75
306.75
306.75
306.75
306.75
303.21
300.87
297.41
294.75
293.20
292.71
292.71
288.43
288.43
288.43
288.43
288.43
295.25
297.71
298.42
301.08
301.08
301.08
301.78
301.78
302.08
301.78
298.69
295.57
295.57
295.57
295.10
293.28
293.28
293.28
293.28
294.70
297.12
298.89
301.33
311.07
311.07
311.07
311.07
311.07
301.60
301.60
299.19
295.42
294.72
293.26
290.08
287.11
287.11
287.11
287.11
287.11
293.26
293.86
298.75
300.90
301.63
309.92
309.92
309.92
309.92
309.92
306.09
303.67
303.37
303.37
299.10
296.06
296.06
292.91
289.72
289.72
290.98
292.91
292.91
292.91
293.54
297.18
297.18
302.69
305.10
308.20
308.20
308.20
308.20
305.10
299.61
295.01
295.01
292.08
289.52
289.52
289.52
292.08
292.60
292.60
294.84
296.44
296.44
304.60
308.39
311.72
311.72
311.72
311.72
308.39
302.21
290.50
289.80
284.95
284.95
284.95
284.95
284.95
286.75
289.80
295.04
305.10
307.13
309.34
309.34
311.04
311.04
311.04
309.34
301.60
294.84
293.80
293.80
293.80
292.08
292.08
292.08
292.71
293.03
293.03
293.03
296.50
296.50
309.06
309.66
309.98
309.98
309.98
309.98
309.98
296.88
296.88
295.42
290.73
290.00
290.00
290.00
290.00
290.00
290.00
290.50
290.92
295.01
296.74
308.93
311.62
311.62
311.62
310.37
308.93
312.53
313.32
306.84
302.88
301.27
291.26
279.38
279.17
279.17
279.17
279.17
279.17
285.42
296.00
302.33
306.56
312.92
312.92
312.92
312.92
312.92
306.25
300.09
298.33
291.77
291.77
291.77
290.84
290.84
290.84
290.84
293.48
293.77
302.88
309.18
309.76
311.27
311.27
311.27
309.76
309.18
295.57
293.77
293.23
284.41
284.41
284.41
284.41
284.41
284.41
290.47
291.83
296.47
305.37
308.80
310.27
311.20
311.20
311.20
310.27
310.27
293.92
293.37
292.97
292.71
292.71
292.71
292.71
292.71
292.71
297.41
299.97
305.00
309.82
309.82
309.82
309.82
309.82
303.86
303.80
303.12
289.30
289.30
284.79
283.85
283.85
283.85
283.85
283.85
283.85
298.72
301.84
305.69
309.25
310.59
312.73
312.73
312.73
310.59
310.33
310.33
294.26
294.26
292.23
286.78
286.78
286.78
286.78
286.78
287.30
289.27
296.12
308.77
310.08
310.53
311.85
310.53
310.08
310.08
309.79
308.77
308.42
290.36
280.19
280.19
280.19
280.19
280.19
280.19
281.29
282.22
290.14
298.33
307.79
308.93
309.66
310.91
311.62
310.91
309.66
308.93
306.59
297.38
295.16
295.16
295.16
295.16
295.16
297.12
299.28
299.37
302.91
307.13
307.13
307.13
307.13
307.13
301.20
301.14
297.18
296.47
296.47
295.77
295.77
295.77
294.23
291.15
290.64
294.23
294.23
295.01
302.72
302.72
302.72
302.72
302.72
302.72
302.72
301.84
301.84
301.11
299.85
297.50
296.24
296.24
293.74
290.53
290.53
290.53
291.18
293.74
293.74
294.67
297.53
297.53
303.92
308.67
310.27
310.27
310.27
310.27
308.67
302.54
300.03
292.65
290.47
289.55
289.55
289.55
290.02
290.02
290.02
290.47
295.68
296.21
304.41
308.26
311.46
311.46
311.46
311.46
308.26
299.55
299.55
288.96
288.96
284.36
284.36
284.36
284.36
284.36
286.78
289.38
297.03
307.25
309.73
311.17
311.33
311.33
311.33
311.17
309.73
295.97
295.97
295.97
294.93
293.08
291.69
291.69
291.32
291.32
291.32
295.07
295.07
295.07
298.03
309.50
309.79
309.79
309.79
309.79
309.79
309.50
296.44
293.14
290.02
287.44
287.44
287.44
287.44
287.44
287.44
290.16
290.75
296.35
299.46
309.25
310.49
311.62
311.62
311.62
310.49
309.25
305.59
301.75
299.64
288.02
280.93
280.93
280.93
280.93
280.93
280.93
287.96
288.02
301.17
308.93
309.41
312.73
312.73
312.73
309.41
308.93
306.18
300.06
298.42
295.83
295.83
295.13
292.88
292.88
292.88
293.43
295.13
295.83
296.47
297.32
302.42
306.65
306.65
306.65
306.65
306.65
306.03
300.63
297.97
295.33
295.33
293.57
293.57
295.04
295.33
295.33
295.04
297.41
295.04
295.04
296.50
296.50
295.04
295.04
294.35
295.04
296.50
296.50
300.30
300.36
301.11
300.30
300.30
300.30
300.30
297.89
297.59
297.56
297.00
297.00
297.00
297.56
297.00
297.56
298.36
299.52
303.80
303.80
303.80
299.52
299.52
299.40
299.40
298.45
296.12
294.32
294.32
295.48
295.16
295.48
295.48
296.12
296.15
296.15
305.59
307.13
309.31
309.31
309.31
307.13
305.59
301.69
299.52
295.68
293.14
291.57
291.57
293.14
293.14
293.14
293.14
294.55
295.83
297.41
305.97
306.81
310.40
311.07
311.07
309.02
306.81
305.97
301.99
290.28
280.66
280.66
280.43
280.43
280.43
280.43
288.30
300.78
305.25
305.25
305.25
305.25
305.25
304.82
303.46
301.02
300.24
300.24
300.24
298.63
296.94
296.09
296.09
296.47
296.09
295.07
296.09
296.09
296.09
296.47
300.60
301.66
302.18
302.18
304.29
304.29
304.29
304.29
302.18
297.94
296.06
295.39
294.81
295.39
295.39
295.39
295.39
295.83
295.83
296.30
296.30
296.30
296.35
296.35
296.35
296.88
296.88
302.76
307.94
308.77
308.77
307.94
307.94
307.94
307.06
307.06
301.45
297.29
293.11
292.80
288.74
288.74
288.74
288.74
288.74
288.74
292.71
299.25
307.76
315.19
315.19
315.19
315.19
310.75
310.75
305.34
300.57
292.54
289.44
282.86
281.58
281.58
281.58
281.58
282.86
285.90
289.44
295.07
295.36
295.45
303.09
308.83
309.73
309.73
309.73
308.83
308.83
303.74
303.74
298.69
297.09
297.09
295.60
295.19
294.87
294.87
290.84
290.84
292.91
295.19
295.19
295.19
297.80
301.87
305.44
305.44
309.89
309.89
310.69
310.69
310.69
309.89
302.94
290.28
290.28
289.58
288.10
288.10
288.10
288.10
288.77
298.06
301.54
301.54
301.54
301.54
301.54
301.54
305.69
305.69
301.45
299.10
297.74
297.32
297.32
291.21
291.21
289.86
289.86
289.86
291.21
295.95
297.29
300.21
303.18
307.03
310.01
310.01
310.01
310.01
310.01
308.93
303.24
303.24
290.70
287.83
285.31
277.62
277.62
277.62
277.62
277.62
277.62
292.48
300.09
301.42
307.79
309.31
311.46
311.46
311.46
311.46
309.63
309.63
296.03
293.97
293.97
293.43
293.43
293.43
295.07
295.07
296.62
300.87
303.03
309.66
309.66
309.66
309.66
309.15
309.09
309.09
305.22
304.14
290.25
289.27
279.67
279.67
279.67
279.67
279.67
279.67
281.51
294.20
297.62
303.18
308.77
309.66
310.14
312.17
312.17
310.14
309.66
309.66
294.99
293.71
293.71
293.57
293.57
293.71
293.71
295.45
299.76
304.85
309.92
309.92
309.92
309.92
306.72
304.85
300.00
299.43
298.09
297.77
291.52
284.85
284.85
284.85
284.85
284.85
291.52
293.51
296.88
298.21
299.19
306.56
307.88
309.50
312.30
312.57
312.57
312.30
309.50
309.50
294.67
284.01
283.31
283.31
283.31
283.31
283.31
283.31
290.44
291.55
298.75
308.01
308.90
309.53
311.40
311.40
311.40
310.30
309.53
309.53
296.15
289.74
289.74
289.74
289.74
289.74
289.74
289.74
290.11
291.60
299.13
309.82
309.95
310.75
310.95
310.95
310.95
310.75
309.95
308.90
296.82
296.82
282.19
282.19
282.19
282.19
282.19
282.19
288.05
291.72
300.45
309.85
311.07
311.30
311.30
311.30
311.07
310.69
309.85
307.85
307.85
296.30
284.23
284.23
277.32
277.32
277.32
277.32
284.23
285.12
287.08
308.58
309.73
310.85
311.59
311.59
311.59
311.59
311.59
308.26
308.17
299.85
295.68
290.95
290.25
286.40
286.40
288.74
288.74
288.74
290.25
306.09
308.61
308.93
312.63
312.63
309.60
308.93
308.93
308.61
305.50
287.38
282.06
282.06
279.17
279.17
279.17
279.17
282.06
289.72
295.39
305.53
308.52
310.78
311.79
311.79
311.79
311.79
309.98
309.92
302.48
295.74
294.90
294.90
292.08
292.08
292.08
293.28
294.90
295.74
298.80
301.87
305.97
306.31
310.40
310.40
310.69
310.69
310.69
310.40
302.21
289.13
288.41
286.81
286.81
285.99
285.99
285.99
285.99
285.99
300.15
305.81
308.42
309.76
311.14
311.14
311.24
311.24
311.24
311.36
311.36
302.97
302.97
288.60
287.16
280.22
279.15
279.15
279.15
279.15
279.15
280.22
285.50
286.23
298.78
308.86
309.76
311.36
311.36
311.36
309.76
308.86
306.31
301.02
300.18
296.85
296.85
296.27
293.28
293.28
293.28
296.27
296.85
297.59
300.15
309.47
310.53
310.53
310.53
310.53
309.47
309.47
295.74
294.00
292.54
289.30
289.30
289.30
289.30
289.30
289.30
290.44
291.74
296.03
302.02
308.58
309.47
311.66
311.66
311.66
309.47
309.47
293.43
293.23
292.80
288.24
288.24
287.69
287.69
287.69
287.69
287.69
289.94
298.03
306.00
308.77
309.57
310.91
310.91
310.91
310.91
310.91
295.04
293.69
293.20
293.11
293.11
287.85
287.85
287.85
291.55
291.55
291.55
296.53
297.18
298.33
301.87
309.02
309.02
309.02
309.02
309.02
307.53
303.52
298.48
296.74
296.74
295.45
294.70
294.70
295.45
294.70
294.70
296.03
294.70
296.03
296.03
296.65
297.71
296.65
296.65
296.65
296.65
294.87
297.65
297.65
297.65
297.65
297.65
305.19
310.33
310.33
311.01
311.01
310.33
309.25
305.19
302.94
295.92
294.52
286.34
286.34
286.34
286.34
286.34
286.34
288.91
290.39
306.12
307.66
310.88
310.88
310.88
307.66
306.12
300.12
300.12
298.89
295.39
293.34
293.17
293.17
292.97
292.97
290.39
293.17
293.17
293.17
297.97
304.79
305.34
305.34
305.34
304.79
304.57
299.43
297.47
297.47
297.47
297.27
297.27
295.22
295.22
295.22
294.18
294.18
292.03
292.03
292.03
299.28
302.11
304.32
308.77
308.77
308.77
308.77
307.22
302.11
297.59
297.35
297.18
292.06
292.06
291.49
284.09
284.09
284.09
284.09
284.09
288.49
294.90
297.62
305.16
305.81
308.55
308.55
308.55
308.55
308.55
307.16
306.78
301.27
298.12
296.59
293.34
293.34
291.69
291.69
291.69
292.11
293.34
294.96
294.96
302.57
304.66
304.66
309.06
309.06
310.91
310.91
310.91
309.06
304.94
290.89
289.38
288.05
287.33
286.18
286.18
286.18
286.18
286.18
287.33
296.24
299.97
305.41
309.85
310.40
310.82
310.82
310.82
311.75
311.75
311.75
295.83
290.70
289.60
288.05
288.05
288.05
288.05
288.05
296.18
300.03
309.66
309.89
312.73
312.73
312.73
310.56
309.89
309.66
302.33
302.33
282.25
278.42
278.42
278.42
278.42
278.42
280.03
280.85
0;0.2;3;0;0.2\r\n
280.85
303.34
305.97
305.97
305.97
305.97
305.97
305.97
305.97
249.01
239.08
229.92
221.44
213.56
206.22
199.36
192.95
186.94
181.29
175.97
170.96
166.22
161.74
157.50
153.47
149.64
146.00
142.53
139.22
136.07
133.05
130.16
127.40
124.75
122.21
119.77
117.43
115.17
113.00
110.91
108.90
106.96
105.09
103.28
101.53
99.84
98.21
96.62
95.09
93.61
92.17
90.78
89.42
88.11
86.84
85.60
84.39
83.22
82.08
80.98
79.90
78.85
77.83
76.83
75.86
74.91
73.99
73.09
72.21
71.35
70.51
69.69
68.89
68.11
67.34
66.60
65.86
65.15
64.45
63.76
63.09
62.44
61.79
61.16
60.55
59.94
59.35
58.77
58.20
57.64
57.09
56.55
56.02
55.51
55.00
54.50
54.01
53.53
53.05
52.59
52.13
51.68
51.24
50.81
50.38
49.96
49.55
49.14
48.74
48.35
47.96
47.58
47.21
46.84
46.48
46.12
45.77
45.42
45.08
44.74
44.41
44.09
43.77
43.45
43.14
42.83
42.52
42.23
41.93
41.64
41.35
41.07
40.79
40.51
40.24
39.97
39.71
39.45
39.19
38.94
38.69
38.44
38.19
37.95
37.71
37.48
37.24
37.02
36.79
36.56
36.34
36.12
35.91
35.69
35.48
35.27
35.07
34.86
34.66
34.46
34.27
34.07
33.88
33.69
33.50
33.32
33.13
32.95
32.77
32.59
32.42
32.24
32.07
31.90
31.73
31.56
31.40
31.23
31.07
30.91
30.75
30.60
30.44
30.29
30.14
29.99
29.84
29.69
29.54
29.40
29.25
29.11
28.97
28.83
28.69
28.56
28.42
28.29
28.16
28.02
27.89
27.77
27.64
0.00
0.00
0.00
0.00
0.00
0.00
0.00
0.00
0.00
0.00
0.00
0.00
0.00
0.00
0.00
0.00
0.00
0.00
0.00
0.00
0.00
0.00
0.00
0.00
0.00
0.00
0.00
0.00
0.00
0.00
0.00
0.00
0.00
0.00
0.00
0.00
0.00
0.00
0.00
0.00
0.00
0.00
0.00
0.00
0.00
0.00
0.00
0.00
0.00
0.00
0.00
0.00
0.00
0.00
0.00
0.00
0.00
0.00
0.00
0.00
0.00
0.00
0.00
0.00
0.00
0.00
0.00
0.00
0.00
0.00
0.00
0.00
0.00
0.00
0.00
0.00
0.00
0.00
0.00
0.00
0.00
0.00
0.00
0.00
0.00
0.00
0.00
0.00
0.00
0.00
0.00
0.00
0.00
0.00
0.00
0.00
0.00
0.00
0.00
0.00
0.00
0.00
0.00
0.00
0.00
0.00
0.00
0.00
0.00
0.00
0.00
0.00
0.00
0.00
0.00
0.00
0.00
0.00
0.00
0.00
0.00
0.00
0.00
0.00
0.00
0.00
0.00
0.00
0.00
0.00
0.00
0.00
0.00
0.00
0.00
0.00
0.00
0.00
0.00
0.00
0.00
0.00
0.00
0.00
0.00
0.00
0.00
0.00
0.00
0.00
0.00
0.00
0.00
0.00
0.00
0.00
0.00
0.00
0.00
0.00
0.00
0.00
0.00
0.00
0.00
0.00
0.00
0.00
0.00
0.00
0.00
0.00
0.00
0.00
0.00
0.00
0.00
0.00
0.00
0.00
0.00
0.00
0.00
0.00
0.00
0.00
0.00
0.00
0.00
0.00
0.00
0.00
0.00
0.00
0.00
0.00
0.00
0.00
0.00
0.00
0.00
0.00
0.00
0.00
0.00
0.00
0.00
0.00
0.00
0.00
0.00
0.00
0.00
0.00
0.00
0.00
0.00
0.00
0.00
0.00
0.00
0.00
0.00
0.00
0.00
0.00
0.00
0.00
0.00
0.00
0.00
0.00
0.00
0.00
0.00
0.00
0.00
0.00
0.00
0.00
0.00
0.00
0.00
0.00
0.00
0.00
0.00
0.00
0.00
0.00
0.00
0.00
0.00
0.00
0.00
0.00
0.00
0.00
0.00
